/home/abenjahp/SS-PilloProject-Nvidia/A0_OptTop3DGSBESO_V4_P8 
48x24x24__10_3_0.6_0.8_3_3_0.5_17_35_16_1HardK_S1SM2FDD2D2Sy0V2_0.02_0.12_GSBESO3D_V4_HardK_1 
Debugging?_0_IntGauss_0_NewEnsamblingSqueme_2_NewFilterSqueme_2_FilterBoundaryCond_D 
Length(mm)=  48  	 Height=24.000000 	 Widht(mm)=24.000000  	 E(MPa)=     1 	 nu=0.300000 	 Thickness(mm)=    	 Puntual Force(N)=     1 	 Finite element=      C3D8
rmin_mm=  3 	 rmin=3.000 	 dhx=1.000 	 dhy=1.000 	 dhz=1.000 	  EVOL=1.00000000  
nelx=    48 	 nely=    24  	 nelz=    24 	 Number of elements= 27648 	 volfrac=0.120 	 er=101.000 	 rmin=     3 	 pen=  0
Chromosome Length= 10 	 Crossover method=  3 	 Pc_min=0.600000 	 Pm_min=0.800000 	 pen_pc=  3 	 pen_pm= 3 	 Recovery percentage=0.500000 
Funcion de desarrollo Prg=(89*it^2)/10000 - (17*it)/2500 - (3*it^3)/10000 + 7/2500 
nelx= 	 nely= 	 nelz= 	  It= 	    Obj= 	 Vol= 	         ch= 	         er= 	 pen= 	 Pc= 	 Pm= 	 MaxUy= 	 tITER= 	 freedofs=  
    48 	     24	    24 	    1 	   232.4849 	  0.833 	 1.0000 	 101.000 	   0 	 0.60 	 0.80 	 -31.756547 	   4.08 	 7.79e+04 	  0 	 1.82e-10 	    182
    48 	     24	    24 	    2 	   232.4851 	  0.830 	 1.0000 	 101.000 	   0 	 0.60 	 0.80 	 -31.756553 	   3.65 	 7.79e+04 	  0 	 1.83e-10 	    182
    48 	     24	    24 	    3 	   232.4876 	  0.823 	 1.0000 	 101.000 	   0 	 0.60 	 0.80 	 -31.756782 	   3.87 	 7.78e+04 	  0 	 1.48e-10 	    186
    48 	     24	    24 	    4 	   232.5294 	  0.806 	 1.0000 	 101.000 	   0 	 0.60 	 0.80 	 -31.762511 	   4.07 	 7.77e+04 	  0 	 1.64e-10 	    204
    48 	     24	    24 	    5 	   232.8387 	  0.780 	 1.0000 	 101.000 	   0 	 0.60 	 0.80 	 -31.802291 	   4.40 	 7.73e+04 	  0 	 1.68e-10 	    217
    48 	     24	    24 	    6 	   234.2108 	  0.746 	 1.0000 	 101.000 	   0 	 0.60 	 0.80 	 -31.978293 	   4.41 	 7.64e+04 	  0 	 1.97e-10 	    236
    48 	     24	    24 	    7 	   237.5485 	  0.704 	 1.0000 	 101.000 	   0 	 0.60 	 0.80 	 -32.419262 	   5.54 	 7.49e+04 	  0 	 1.91e-10 	    305
    48 	     24	    24 	    8 	   245.5436 	  0.653 	 1.0000 	 101.000 	   0 	 0.60 	 0.80 	 -33.484004 	   4.13 	 7.28e+04 	  0 	 1.88e-10 	    239
    48 	     24	    24 	    9 	   265.2402 	  0.597 	 1.0000 	 101.000 	   0 	 0.60 	 0.80 	 -36.060376 	   4.21 	 6.98e+04 	  0 	 1.84e-10 	    262
    48 	     24	    24 	   10 	   288.1402 	  0.528 	 0.0849 	 101.000 	   0 	 0.60 	 0.80 	 -39.083377 	   4.18 	 6.65e+04 	  0 	 2e-10 	    273
    48 	     24	    24 	   11 	   325.9360 	  0.459 	 0.1452 	 101.000 	   0 	 0.60 	 0.80 	 -44.180484 	   3.97 	 6.23e+04 	  0 	 1.68e-10 	    295
    48 	     24	    24 	   12 	   375.3322 	  0.390 	 0.2204 	 101.000 	   0 	 0.60 	 0.80 	 -50.811045 	   4.19 	 5.7e+04 	  0 	 1.72e-10 	    352
    48 	     24	    24 	   13 	   440.0077 	  0.330 	 0.3021 	 101.000 	   0 	 0.60 	 0.80 	 -59.637107 	   3.92 	 5.06e+04 	  0 	 1.93e-10 	    367
    48 	     24	    24 	   14 	   517.3790 	  0.274 	 0.3757 	 101.000 	   0 	 0.60 	 0.80 	 -70.234550 	   4.08 	 4.48e+04 	  0 	 1.76e-10 	    473
    48 	     24	    24 	   15 	   625.9637 	  0.225 	 0.4438 	 101.000 	   0 	 0.60 	 0.80 	 -83.602422 	   3.39 	 3.88e+04 	  0 	 1.88e-10 	    451
    48 	     24	    24 	   16 	   754.8920 	  0.194 	 0.4979 	 101.000 	   0 	 0.60 	 0.80 	 -101.697956 	   3.10 	 3.3e+04 	  0 	 1.91e-10 	    465
    48 	     24	    24 	   17 	   841.6786 	  0.177 	 0.5282 	 101.000 	   0 	 0.60 	 0.80 	 -116.622913 	   2.76 	 2.85e+04 	  0 	 1.96e-10 	    512
    48 	     24	    24 	   18 	   892.9073 	  0.168 	 0.5335 	 101.000 	   0 	 0.60 	 0.80 	 -121.430231 	   2.55 	 2.56e+04 	  0 	 1.83e-10 	    513
    48 	     24	    24 	   19 	   922.2063 	  0.164 	 0.5178 	 101.000 	   0 	 0.60 	 0.80 	 -126.071261 	   2.36 	 2.42e+04 	  0 	 1.93e-10 	    499
    48 	     24	    24 	   20 	   947.7654 	  0.161 	 0.4759 	 101.000 	   0 	 0.60 	 0.80 	 -132.535369 	   2.34 	 2.35e+04 	  0 	 1.93e-10 	    510
    48 	     24	    24 	   21 	   966.1238 	  0.158 	 0.4063 	 101.000 	   0 	 0.60 	 0.80 	 -137.303215 	   2.45 	 2.3e+04 	  0 	 1.8e-10 	    510
    48 	     24	    24 	   22 	   994.9413 	  0.156 	 0.3269 	 101.000 	   0 	 0.60 	 0.80 	 -141.844075 	   2.32 	 2.27e+04 	  0 	 1.97e-10 	    522
    48 	     24	    24 	   23 	  1003.7144 	  0.153 	 0.2486 	 101.000 	   0 	 0.60 	 0.80 	 -141.665171 	   2.27 	 2.23e+04 	  0 	 1.71e-10 	    513
    48 	     24	    24 	   24 	  1020.2532 	  0.151 	 0.1815 	 101.000 	   0 	 0.60 	 0.80 	 -141.512729 	   2.28 	 2.2e+04 	  0 	 1.88e-10 	    521
    48 	     24	    24 	   25 	  1029.9428 	  0.150 	 0.1307 	 101.000 	   0 	 0.60 	 0.80 	 -141.061990 	   2.10 	 2.17e+04 	  0 	 1.71e-10 	    483
    48 	     24	    24 	   26 	  1030.7614 	  0.148 	 0.1002 	 101.000 	   0 	 0.60 	 0.80 	 -141.130960 	   2.29 	 2.15e+04 	  0 	 1.68e-10 	    528
    48 	     24	    24 	   27 	  1046.8693 	  0.146 	 0.0794 	 101.000 	   0 	 0.60 	 0.80 	 -145.784085 	   2.26 	 2.12e+04 	  0 	 1.79e-10 	    530
    48 	     24	    24 	   28 	  1065.5912 	  0.144 	 0.0691 	 101.000 	   0 	 0.60 	 0.80 	 -150.821877 	   2.26 	 2.09e+04 	  0 	 1.94e-10 	    530
    48 	     24	    24 	   29 	  1077.6152 	  0.143 	 0.0606 	 101.000 	   0 	 0.60 	 0.80 	 -150.326488 	   2.19 	 2.07e+04 	  0 	 1.72e-10 	    539
    48 	     24	    24 	   30 	  1084.6861 	  0.141 	 0.0548 	 101.000 	   0 	 0.60 	 0.80 	 -152.063641 	   2.19 	 2.05e+04 	  0 	 1.97e-10 	    531
    48 	     24	    24 	   31 	  1087.7764 	  0.141 	 0.0528 	 101.000 	   0 	 0.60 	 0.80 	 -152.454054 	   2.19 	 2.03e+04 	  0 	 1.69e-10 	    528
    48 	     24	    24 	   32 	  1092.5632 	  0.140 	 0.0512 	 101.000 	   0 	 0.60 	 0.80 	 -153.860122 	   2.20 	 2.02e+04 	  0 	 1.96e-10 	    534
    48 	     24	    24 	   33 	  1102.5606 	  0.139 	 0.0462 	 101.000 	   0 	 0.60 	 0.80 	 -156.305109 	   2.13 	 1.99e+04 	  0 	 1.63e-10 	    527
    48 	     24	    24 	   34 	  1100.6921 	  0.139 	 0.0398 	 101.000 	   0 	 0.60 	 0.80 	 -153.507614 	   2.13 	 1.99e+04 	  0 	 1.87e-10 	    528
    48 	     24	    24 	   35 	  1101.2217 	  0.138 	 0.0327 	 101.000 	   0 	 0.60 	 0.80 	 -154.253145 	   2.19 	 1.98e+04 	  0 	 1.64e-10 	    529
    48 	     24	    24 	   36 	  1104.1061 	  0.137 	 0.0252 	 101.000 	   0 	 0.60 	 0.80 	 -153.645702 	   2.10 	 1.97e+04 	  0 	 1.25e-10 	    531
    48 	     24	    24 	   37 	  1112.5138 	  0.137 	 0.0204 	 101.000 	   0 	 0.60 	 0.80 	 -155.508732 	   2.16 	 1.95e+04 	  0 	 1.97e-10 	    546
    48 	     24	    24 	   38 	  1110.3091 	  0.135 	 0.0151 	 101.000 	   0 	 0.60 	 0.80 	 -156.135845 	   2.15 	 1.95e+04 	  0 	 1.93e-10 	    537
    48 	     24	    24 	   39 	  1121.7924 	  0.134 	 0.0147 	 101.000 	   0 	 0.60 	 0.80 	 -158.385738 	   2.06 	 1.91e+04 	  0 	 1.7e-10 	    527
    48 	     24	    24 	   40 	  1134.3077 	  0.132 	 0.0176 	 101.000 	   0 	 0.60 	 0.80 	 -159.606575 	   2.07 	 1.89e+04 	  0 	 1.92e-10 	    536
    48 	     24	    24 	   41 	  1150.1053 	  0.132 	 0.0227 	 101.000 	   0 	 0.60 	 0.80 	 -161.687417 	   2.08 	 1.87e+04 	  0 	 1.73e-10 	    536
    48 	     24	    24 	   42 	  1150.7621 	  0.130 	 0.0258 	 101.000 	   0 	 0.61 	 0.80 	 -162.262723 	   1.98 	 1.85e+04 	  0 	 1.88e-10 	    522
    48 	     24	    24 	   43 	  1167.4102 	  0.129 	 0.0342 	 101.000 	   0 	 0.62 	 0.81 	 -165.271864 	   1.97 	 1.83e+04 	  0 	 1.64e-10 	    521
    48 	     24	    24 	   44 	  1175.5788 	  0.128 	 0.0395 	 101.000 	   0 	 0.63 	 0.82 	 -166.138691 	   1.78 	 1.81e+04 	  0 	 1.96e-10 	    471
    48 	     24	    24 	   45 	  1184.9412 	  0.128 	 0.0422 	 101.000 	   0 	 0.66 	 0.83 	 -167.968636 	   1.81 	 1.8e+04 	  0 	 1.61e-10 	    471
    48 	     24	    24 	   46 	  1192.2146 	  0.127 	 0.0412 	 101.000 	   0 	 0.69 	 0.84 	 -171.709503 	   1.78 	 1.79e+04 	  0 	 1.96e-10 	    468
    48 	     24	    24 	   47 	  1199.9490 	  0.126 	 0.0427 	 101.000 	   0 	 0.73 	 0.86 	 -170.196660 	   1.79 	 1.78e+04 	  0 	 1.32e-10 	    469
    48 	     24	    24 	   48 	  1209.9774 	  0.124 	 0.0400 	 101.000 	   0 	 0.78 	 0.89 	 -172.225302 	   1.74 	 1.77e+04 	  0 	 1.66e-10 	    470
    48 	     24	    24 	   49 	  1223.9695 	  0.124 	 0.0387 	 101.000 	   0 	 0.83 	 0.91 	 -174.665167 	   1.72 	 1.75e+04 	  0 	 1.7e-10 	    465
    48 	     24	    24 	   50 	  1230.2797 	  0.123 	 0.0376 	 101.000 	   0 	 0.88 	 0.94 	 -173.883243 	   1.71 	 1.74e+04 	  0 	 1.95e-10 	    462
    48 	     24	    24 	   51 	  1240.8036 	  0.122 	 0.0383 	 101.000 	   0 	 0.94 	 0.97 	 -175.405515 	   1.66 	 1.73e+04 	  0 	 1.72e-10 	    458
    48 	     24	    24 	   52 	  1248.7058 	  0.122 	 0.0380 	 101.000 	   0 	 0.98 	 0.99 	 -177.444429 	   1.67 	 1.71e+04 	  0 	 1.5e-10 	    465
    48 	     24	    24 	   53 	  1253.6974 	  0.122 	 0.0379 	 101.000 	   0 	 1.00 	 1.00 	 -179.964099 	   1.65 	 1.71e+04 	  0 	 1.75e-10 	    457
    48 	     24	    24 	   54 	  1258.8650 	  0.122 	 0.0355 	 101.000 	   0 	 1.00 	 1.00 	 -178.725873 	   1.65 	 1.7e+04 	  0 	 1.65e-10 	    463
    48 	     24	    24 	   55 	  1254.6950 	  0.122 	 0.0320 	 101.000 	   0 	 1.00 	 1.00 	 -178.490034 	   1.66 	 1.7e+04 	  0 	 1.65e-10 	    450
    48 	     24	    24 	   56 	  1255.9542 	  0.122 	 0.0266 	 101.000 	   0 	 1.00 	 1.00 	 -178.384197 	   1.63 	 1.7e+04 	  0 	 1.5e-10 	    454
    48 	     24	    24 	   57 	  1254.4734 	  0.121 	 0.0197 	 101.000 	   0 	 1.00 	 1.00 	 -177.711354 	   1.65 	 1.69e+04 	  0 	 1.32e-10 	    452
    48 	     24	    24 	   58 	  1260.6166 	  0.122 	 0.0139 	 101.000 	   0 	 1.00 	 1.00 	 -180.542476 	   1.59 	 1.68e+04 	  0 	 1.37e-10 	    440
    48 	     24	    24 	   59 	  1261.4139 	  0.122 	 0.0087 	 101.000 	   0 	 1.00 	 1.00 	 -183.397262 	   1.60 	 1.69e+04 	  0 	 1.59e-10 	    446
    48 	     24	    24 	   60 	  1262.5508 	  0.121 	 0.0061 	 101.000 	   0 	 1.00 	 1.00 	 -179.347081 	   1.57 	 1.68e+04 	  0 	 1.51e-10 	    437
    48 	     24	    24 	   61 	  1258.7106 	  0.121 	 0.0041 	 101.000 	   0 	 1.00 	 1.00 	 -178.803718 	   1.58 	 1.68e+04 	  0 	 1.86e-10 	    442
    48 	     24	    24 	   62 	  1264.9099 	  0.121 	 0.0048 	 101.000 	   0 	 1.00 	 1.00 	 -184.549644 	   1.58 	 1.67e+04 	  0 	 1.55e-10 	    436
    48 	     24	    24 	   63 	  1260.4298 	  0.121 	 0.0037 	 101.000 	   0 	 1.00 	 1.00 	 -178.465564 	   1.60 	 1.68e+04 	  0 	 1.72e-10 	    434
    48 	     24	    24 	   64 	  1266.4834 	  0.121 	 0.0041 	 101.000 	   0 	 1.00 	 1.00 	 -182.171669 	   1.55 	 1.67e+04 	  0 	 1.82e-10 	    431
    48 	     24	    24 	   65 	  1262.4781 	  0.121 	 0.0029 	 101.000 	   0 	 1.00 	 1.00 	 -178.172712 	   1.57 	 1.68e+04 	  0 	 1.54e-10 	    434
    48 	     24	    24 	   66 	  1258.5356 	  0.121 	 0.0024 	 101.000 	   0 	 1.00 	 1.00 	 -182.103674 	   1.57 	 1.67e+04 	  0 	 1.33e-10 	    425
    48 	     24	    24 	   67 	  1260.1903 	  0.121 	 0.0000 	 101.000 	   0 	 1.00 	 1.00 	 -182.845481 	   1.54 	 1.67e+04 	  0 	 1.76e-10 	    426
    48 	     24	    24 	   68 	  1258.1194 	  0.121 	 0.0004 	 101.000 	   0 	 1.00 	 1.00 	 -183.331352 	   1.56 	 1.67e+04 	  0 	 1.5e-10 	    426
    48 	     24	    24 	   69 	  1261.4783 	  0.121 	 0.0019 	 101.000 	   0 	 1.00 	 1.00 	 -184.144600 	   1.54 	 1.67e+04 	  0 	 1.52e-10 	    419
    48 	     24	    24 	   70 	  1259.2055 	  0.121 	 0.0025 	 101.000 	   0 	 1.00 	 1.00 	 -183.103658 	   1.54 	 1.66e+04 	  0 	 1.34e-10 	    419
    48 	     24	    24 	   71 	  1256.7798 	  0.121 	 0.0027 	 101.000 	   0 	 1.00 	 1.00 	 -182.180353 	   1.53 	 1.66e+04 	  0 	 1.76e-10 	    419
    48 	     24	    24 	   72 	  1253.2337 	  0.121 	 0.0031 	 101.000 	   0 	 1.00 	 1.00 	 -181.172486 	   1.55 	 1.66e+04 	  0 	 1.28e-10 	    420
    48 	     24	    24 	   73 	  1256.3079 	  0.121 	 0.0030 	 101.000 	   0 	 1.00 	 1.00 	 -182.277026 	   1.53 	 1.66e+04 	  0 	 1.55e-10 	    418
    48 	     24	    24 	   74 	  1253.4437 	  0.121 	 0.0035 	 101.000 	   0 	 1.00 	 1.00 	 -183.699590 	   1.53 	 1.66e+04 	  0 	 1.06e-10 	    418
    48 	     24	    24 	   75 	  1253.1492 	  0.121 	 0.0039 	 101.000 	   0 	 1.00 	 1.00 	 -181.675408 	   1.53 	 1.66e+04 	  0 	 1.64e-10 	    415
    48 	     24	    24 	   76 	  1250.2469 	  0.121 	 0.0047 	 101.000 	   0 	 1.00 	 1.00 	 -181.424138 	   1.53 	 1.66e+04 	  0 	 1.45e-10 	    417
    48 	     24	    24 	   77 	  1251.6851 	  0.121 	 0.0038 	 101.000 	   0 	 1.00 	 1.00 	 -179.754379 	   1.51 	 1.66e+04 	  0 	 1.84e-10 	    413
    48 	     24	    24 	   78 	  1251.0680 	  0.121 	 0.0044 	 101.000 	   0 	 1.00 	 1.00 	 -181.179086 	   1.51 	 1.65e+04 	  0 	 1.61e-10 	    414
    48 	     24	    24 	   79 	  1252.9713 	  0.121 	 0.0032 	 101.000 	   0 	 1.00 	 1.00 	 -179.325797 	   1.54 	 1.65e+04 	  0 	 1.72e-10 	    414
    48 	     24	    24 	   80 	  1254.3806 	  0.121 	 0.0020 	 101.000 	   0 	 1.00 	 1.00 	 -179.812814 	   1.49 	 1.65e+04 	  0 	 1.81e-10 	    409
    48 	     24	    24 	   81 	  1258.4729 	  0.121 	 0.0004 	 101.000 	   0 	 1.00 	 1.00 	 -182.141394 	   1.52 	 1.65e+04 	  0 	 1.2e-10 	    412
    48 	     24	    24 	   82 	  1257.0010 	  0.121 	 0.0014 	 101.000 	   0 	 1.00 	 1.00 	 -179.565541 	   1.51 	 1.65e+04 	  0 	 1.67e-10 	    409
    48 	     24	    24 	   83 	  1256.6504 	  0.121 	 0.0032 	 101.000 	   0 	 1.00 	 1.00 	 -180.149183 	   1.49 	 1.65e+04 	  0 	 1.33e-10 	    409
    48 	     24	    24 	   84 	  1257.8148 	  0.121 	 0.0040 	 101.000 	   0 	 1.00 	 1.00 	 -181.126654 	   1.49 	 1.64e+04 	  0 	 1.21e-10 	    409
    48 	     24	    24 	   85 	  1258.6505 	  0.121 	 0.0045 	 101.000 	   0 	 1.00 	 1.00 	 -180.642893 	   1.50 	 1.65e+04 	  0 	 1.62e-10 	    409
    48 	     24	    24 	   86 	  1259.9319 	  0.121 	 0.0034 	 101.000 	   0 	 1.00 	 1.00 	 -181.130526 	   1.48 	 1.64e+04 	  0 	 1.49e-10 	    406
    48 	     24	    24 	   87 	  1259.6228 	  0.121 	 0.0030 	 101.000 	   0 	 1.00 	 1.00 	 -180.474620 	   1.49 	 1.64e+04 	  0 	 1.71e-10 	    407
    48 	     24	    24 	   88 	  1258.6037 	  0.121 	 0.0024 	 101.000 	   0 	 1.00 	 1.00 	 -180.060575 	   1.49 	 1.64e+04 	  0 	 1.44e-10 	    405
    48 	     24	    24 	   89 	  1261.0177 	  0.121 	 0.0021 	 101.000 	   0 	 1.00 	 1.00 	 -181.598759 	   1.49 	 1.64e+04 	  0 	 1.52e-10 	    401
    48 	     24	    24 	   90 	  1260.5521 	  0.121 	 0.0018 	 101.000 	   0 	 1.00 	 1.00 	 -180.386864 	   1.48 	 1.64e+04 	  0 	 1.86e-10 	    402
    48 	     24	    24 	   91 	  1260.0889 	  0.121 	 0.0016 	 101.000 	   0 	 1.00 	 1.00 	 -180.075367 	   1.49 	 1.64e+04 	  0 	 1.46e-10 	    407
    48 	     24	    24 	   92 	  1261.7112 	  0.121 	 0.0015 	 101.000 	   0 	 1.00 	 1.00 	 -180.747074 	   1.45 	 1.64e+04 	  0 	 1.5e-10 	    398
    48 	     24	    24 	   93 	  1262.8371 	  0.121 	 0.0018 	 101.000 	   0 	 1.00 	 1.00 	 -182.566575 	   1.50 	 1.64e+04 	  0 	 1.04e-10 	    404
    48 	     24	    24 	   94 	  1263.9216 	  0.121 	 0.0018 	 101.000 	   0 	 1.00 	 1.00 	 -180.691207 	   1.47 	 1.63e+04 	  0 	 1.58e-10 	    396
    48 	     24	    24 	   95 	  1262.5508 	  0.121 	 0.0018 	 101.000 	   0 	 1.00 	 1.00 	 -183.381755 	   1.48 	 1.64e+04 	  0 	 1.53e-10 	    400
    48 	     24	    24 	   96 	  1262.3982 	  0.121 	 0.0021 	 101.000 	   0 	 1.00 	 1.00 	 -178.904557 	   1.48 	 1.64e+04 	  0 	 1.22e-10 	    400
    48 	     24	    24 	   97 	  1261.9753 	  0.121 	 0.0019 	 101.000 	   0 	 1.00 	 1.00 	 -184.340654 	   1.49 	 1.64e+04 	  0 	 1.81e-10 	    400
    48 	     24	    24 	   98 	  1260.9301 	  0.121 	 0.0009 	 101.000 	   0 	 1.00 	 1.00 	 -178.018041 	   1.46 	 1.64e+04 	  0 	 1.2e-10 	    400
/home/abenjahp/SS-PilloProject-Nvidia/A0_OptTop3DGSBESO_V4_P8 
48x24x24__10_3_0.6_0.8_3_3_0.5_17_35_16_1HardK_S1SM2FDD2D2Sy0V2_0.02_0.12_GSBESO3D_V4_HardK_1 
Debugging?_0_IntGauss_0_NewEnsamblingSqueme_2_NewFilterSqueme_2_FilterBoundaryCond_D 
Length(mm)=  48  	 Height=24.000000 	 Widht(mm)=24.000000  	 E(MPa)=     1 	 nu=0.300000 	 Thickness(mm)=    	 Puntual Force(N)=     1 	 Finite element=      C3D8
rmin_mm=  3 	 rmin=3.000 	 dhx=1.000 	 dhy=1.000 	 dhz=1.000 	  EVOL=1.00000000  
nelx=    48 	 nely=    24  	 nelz=    24 	 Number of elements= 27648 	 volfrac=0.120 	 er=101.000 	 rmin=     3 	 pen=  0
Chromosome Length= 10 	 Crossover method=  3 	 Pc_min=0.600000 	 Pm_min=0.800000 	 pen_pc=  3 	 pen_pm= 3 	 Recovery percentage=0.500000 
Funcion de desarrollo Prg=(89*it^2)/10000 - (17*it)/2500 - (3*it^3)/10000 + 7/2500 
nelx= 	 nely= 	 nelz= 	  It= 	    Obj= 	 Vol= 	         ch= 	         er= 	 pen= 	 Pc= 	 Pm= 	 MaxUy= 	 tITER= 	 freedofs=  
    48 	     24	    24 	    1 	   232.4849 	  0.833 	 1.0000 	 101.000 	   0 	 0.60 	 0.80 	 -31.756547 	   3.82 	 7.79e+04 	  0 	 1.42e-10 	    184
    48 	     24	    24 	    2 	   232.4851 	  0.830 	 1.0000 	 101.000 	   0 	 0.60 	 0.80 	 -31.756544 	   3.98 	 7.79e+04 	  0 	 1.4e-10 	    184
    48 	     24	    24 	    3 	   232.4877 	  0.823 	 1.0000 	 101.000 	   0 	 0.60 	 0.80 	 -31.756810 	   3.88 	 7.78e+04 	  0 	 1.89e-10 	    187
    48 	     24	    24 	    4 	   232.5308 	  0.806 	 1.0000 	 101.000 	   0 	 0.60 	 0.80 	 -31.762538 	   4.33 	 7.77e+04 	  0 	 1.55e-10 	    210
    48 	     24	    24 	    5 	   232.8679 	  0.780 	 1.0000 	 101.000 	   0 	 0.60 	 0.80 	 -31.804336 	   4.52 	 7.74e+04 	  0 	 1.52e-10 	    224
    48 	     24	    24 	    6 	   234.2586 	  0.746 	 1.0000 	 101.000 	   0 	 0.60 	 0.80 	 -31.987754 	   4.85 	 7.67e+04 	  0 	 1.83e-10 	    247
    48 	     24	    24 	    7 	   237.6913 	  0.701 	 1.0000 	 101.000 	   0 	 0.60 	 0.80 	 -32.428520 	   4.77 	 7.5e+04 	  0 	 1.68e-10 	    252
    48 	     24	    24 	    8 	   246.5336 	  0.651 	 1.0000 	 101.000 	   0 	 0.60 	 0.80 	 -33.601529 	   4.61 	 7.29e+04 	  0 	 1.91e-10 	    251
    48 	     24	    24 	    9 	   264.6355 	  0.597 	 1.0000 	 101.000 	   0 	 0.60 	 0.80 	 -36.071847 	   4.84 	 7.01e+04 	  0 	 1.64e-10 	    271
    48 	     24	    24 	   10 	   288.7827 	  0.528 	 0.0857 	 101.000 	   0 	 0.60 	 0.80 	 -39.182555 	   4.29 	 6.67e+04 	  0 	 1.82e-10 	    268
    48 	     24	    24 	   11 	   325.3756 	  0.457 	 0.1456 	 101.000 	   0 	 0.60 	 0.80 	 -44.277624 	   4.48 	 6.25e+04 	  0 	 1.93e-10 	    301
    48 	     24	    24 	   12 	   373.1756 	  0.387 	 0.2193 	 101.000 	   0 	 0.60 	 0.80 	 -50.673091 	   4.28 	 5.72e+04 	  0 	 1.94e-10 	    333
    48 	     24	    24 	   13 	   433.8902 	  0.325 	 0.2978 	 101.000 	   0 	 0.60 	 0.80 	 -58.631870 	   3.80 	 5.07e+04 	  0 	 1.94e-10 	    342
    48 	     24	    24 	   14 	   514.1039 	  0.269 	 0.3717 	 101.000 	   0 	 0.60 	 0.80 	 -69.474573 	   3.37 	 4.44e+04 	  0 	 1.7e-10 	    379
    48 	     24	    24 	   15 	   631.1398 	  0.226 	 0.4416 	 101.000 	   0 	 0.60 	 0.80 	 -85.230332 	   3.40 	 3.82e+04 	  0 	 1.83e-10 	    435
    48 	     24	    24 	   16 	   733.0188 	  0.193 	 0.4924 	 101.000 	   0 	 0.60 	 0.80 	 -99.069194 	   3.34 	 3.27e+04 	  0 	 1.99e-10 	    487
    48 	     24	    24 	   17 	   840.0303 	  0.178 	 0.5246 	 101.000 	   0 	 0.60 	 0.80 	 -115.384633 	   2.81 	 2.85e+04 	  0 	 1.83e-10 	    490
    48 	     24	    24 	   18 	   893.2824 	  0.169 	 0.5332 	 101.000 	   0 	 0.60 	 0.80 	 -122.468040 	   2.64 	 2.6e+04 	  0 	 1.83e-10 	    500
    48 	     24	    24 	   19 	   934.4508 	  0.164 	 0.5200 	 101.000 	   0 	 0.60 	 0.80 	 -129.539279 	   2.53 	 2.45e+04 	  0 	 1.84e-10 	    536
    48 	     24	    24 	   20 	   950.5975 	  0.160 	 0.4766 	 101.000 	   0 	 0.60 	 0.80 	 -131.545014 	   2.47 	 2.38e+04 	  0 	 1.84e-10 	    529
    48 	     24	    24 	   21 	   973.5374 	  0.157 	 0.4152 	 101.000 	   0 	 0.60 	 0.80 	 -133.873444 	   2.51 	 2.33e+04 	  0 	 1.82e-10 	    534
    48 	     24	    24 	   22 	   992.3091 	  0.154 	 0.3356 	 101.000 	   0 	 0.60 	 0.80 	 -135.417263 	   2.39 	 2.28e+04 	  0 	 1.79e-10 	    539
    48 	     24	    24 	   23 	  1002.4089 	  0.152 	 0.2559 	 101.000 	   0 	 0.60 	 0.80 	 -136.010242 	   2.41 	 2.24e+04 	  0 	 1.77e-10 	    541
    48 	     24	    24 	   24 	  1020.3376 	  0.149 	 0.1837 	 101.000 	   0 	 0.60 	 0.80 	 -140.891579 	   2.31 	 2.21e+04 	  0 	 1.74e-10 	    542
    48 	     24	    24 	   25 	  1046.1844 	  0.148 	 0.1357 	 101.000 	   0 	 0.60 	 0.80 	 -145.678597 	   2.38 	 2.16e+04 	  0 	 1.98e-10 	    557
    48 	     24	    24 	   26 	  1045.7900 	  0.147 	 0.1009 	 101.000 	   0 	 0.60 	 0.80 	 -148.614211 	   2.39 	 2.14e+04 	  0 	 1.71e-10 	    543
    48 	     24	    24 	   27 	  1051.3890 	  0.145 	 0.0817 	 101.000 	   0 	 0.60 	 0.80 	 -149.188044 	   2.32 	 2.13e+04 	  0 	 1.79e-10 	    559
    48 	     24	    24 	   28 	  1099.3993 	  0.144 	 0.0779 	 101.000 	   0 	 0.60 	 0.80 	 -170.564150 	   2.47 	 2.11e+04 	  0 	 1.9e-10 	    577
    48 	     24	    24 	   29 	  1074.7474 	  0.143 	 0.0711 	 101.000 	   0 	 0.60 	 0.80 	 -153.431693 	   2.25 	 2.08e+04 	  0 	 1.62e-10 	    535
    48 	     24	    24 	   30 	  1084.2266 	  0.142 	 0.0599 	 101.000 	   0 	 0.60 	 0.80 	 -152.924912 	   2.20 	 2.05e+04 	  0 	 1.65e-10 	    535
    48 	     24	    24 	   31 	  1093.4308 	  0.142 	 0.0548 	 101.000 	   0 	 0.60 	 0.80 	 -151.846296 	   2.28 	 2.04e+04 	  0 	 1.98e-10 	    539
    48 	     24	    24 	   32 	  1092.1706 	  0.140 	 0.0510 	 101.000 	   0 	 0.60 	 0.80 	 -150.775740 	   2.24 	 2.04e+04 	  0 	 1.98e-10 	    540
    48 	     24	    24 	   33 	  1109.4842 	  0.138 	 0.0350 	 101.000 	   0 	 0.60 	 0.80 	 -151.256597 	   2.25 	 2.02e+04 	  0 	 1.49e-10 	    550
    48 	     24	    24 	   34 	  1118.2279 	  0.137 	 0.0327 	 101.000 	   0 	 0.60 	 0.80 	 -153.473179 	   2.21 	 2e+04 	  0 	 1.97e-10 	    553
    48 	     24	    24 	   35 	  1126.9048 	  0.136 	 0.0333 	 101.000 	   0 	 0.60 	 0.80 	 -156.809568 	   2.16 	 1.98e+04 	  0 	 1.84e-10 	    553
    48 	     24	    24 	   36 	  1128.9527 	  0.135 	 0.0309 	 101.000 	   0 	 0.60 	 0.80 	 -155.894596 	   2.17 	 1.95e+04 	  0 	 1.95e-10 	    543
    48 	     24	    24 	   37 	  1138.9068 	  0.135 	 0.0317 	 101.000 	   0 	 0.60 	 0.80 	 -156.612630 	   2.14 	 1.94e+04 	  0 	 1.84e-10 	    545
    48 	     24	    24 	   38 	  1143.4534 	  0.133 	 0.0358 	 101.000 	   0 	 0.60 	 0.80 	 -157.454106 	   2.17 	 1.94e+04 	  0 	 1.59e-10 	    554
    48 	     24	    24 	   39 	  1155.6735 	  0.133 	 0.0345 	 101.000 	   0 	 0.60 	 0.80 	 -159.943471 	   2.18 	 1.92e+04 	  0 	 1.64e-10 	    557
    48 	     24	    24 	   40 	  1156.2116 	  0.132 	 0.0320 	 101.000 	   0 	 0.60 	 0.80 	 -159.599937 	   2.19 	 1.92e+04 	  0 	 1.69e-10 	    556
    48 	     24	    24 	   41 	  1213.7903 	  0.132 	 0.0400 	 101.000 	   0 	 0.60 	 0.80 	 -187.137544 	   2.18 	 1.9e+04 	  0 	 1.94e-10 	    571
    48 	     24	    24 	   42 	  1172.8293 	  0.131 	 0.0376 	 101.000 	   0 	 0.61 	 0.80 	 -168.276669 	   2.14 	 1.9e+04 	  0 	 1.84e-10 	    561
    48 	     24	    24 	   43 	  1175.6331 	  0.130 	 0.0371 	 101.000 	   0 	 0.62 	 0.81 	 -165.188065 	   2.23 	 1.88e+04 	  0 	 1.39e-10 	    561
    48 	     24	    24 	   44 	  1178.3410 	  0.129 	 0.0344 	 101.000 	   0 	 0.63 	 0.82 	 -166.457627 	   2.16 	 1.86e+04 	  0 	 1.72e-10 	    559
    48 	     24	    24 	   45 	  1190.0352 	  0.128 	 0.0350 	 101.000 	   0 	 0.66 	 0.83 	 -168.508935 	   2.16 	 1.84e+04 	  0 	 1.52e-10 	    557
    48 	     24	    24 	   46 	  1194.7471 	  0.127 	 0.0175 	 101.000 	   0 	 0.69 	 0.84 	 -168.465818 	   2.17 	 1.83e+04 	  0 	 1.56e-10 	    556
    48 	     24	    24 	   47 	  1208.5102 	  0.126 	 0.0177 	 101.000 	   0 	 0.73 	 0.86 	 -169.008257 	   1.89 	 1.81e+04 	  0 	 1.93e-10 	    511
    48 	     24	    24 	   48 	  1216.2729 	  0.125 	 0.0190 	 101.000 	   0 	 0.78 	 0.89 	 -169.403009 	   2.13 	 1.8e+04 	  0 	 1.57e-10 	    558
    48 	     24	    24 	   49 	  1229.3644 	  0.124 	 0.0235 	 101.000 	   0 	 0.83 	 0.91 	 -171.547966 	   2.12 	 1.78e+04 	  0 	 1.76e-10 	    556
    48 	     24	    24 	   50 	  1233.4716 	  0.122 	 0.0249 	 101.000 	   0 	 0.88 	 0.94 	 -172.597743 	   1.87 	 1.77e+04 	  0 	 1.19e-10 	    512
    48 	     24	    24 	   51 	  1252.4660 	  0.122 	 0.0372 	 101.000 	   0 	 0.94 	 0.97 	 -174.582217 	   1.82 	 1.75e+04 	  0 	 1.6e-10 	    510
    48 	     24	    24 	   52 	  1259.7142 	  0.122 	 0.0394 	 101.000 	   0 	 0.98 	 0.99 	 -174.819367 	   1.89 	 1.74e+04 	  0 	 1.63e-10 	    507
    48 	     24	    24 	   53 	  1266.0150 	  0.121 	 0.0406 	 101.000 	   0 	 1.00 	 1.00 	 -175.160728 	   1.81 	 1.74e+04 	  0 	 1.67e-10 	    507
    48 	     24	    24 	   54 	  1266.7537 	  0.121 	 0.0381 	 101.000 	   0 	 1.00 	 1.00 	 -175.650911 	   1.79 	 1.73e+04 	  0 	 1.44e-10 	    505
    48 	     24	    24 	   55 	  1270.3734 	  0.121 	 0.0369 	 101.000 	   0 	 1.00 	 1.00 	 -175.591018 	   1.89 	 1.73e+04 	  0 	 1.29e-10 	    504
    48 	     24	    24 	   56 	  1269.3881 	  0.121 	 0.0303 	 101.000 	   0 	 1.00 	 1.00 	 -174.623049 	   1.80 	 1.72e+04 	  0 	 1.67e-10 	    503
    48 	     24	    24 	   57 	  1270.3737 	  0.121 	 0.0239 	 101.000 	   0 	 1.00 	 1.00 	 -173.948750 	   1.81 	 1.72e+04 	  0 	 1.89e-10 	    502
    48 	     24	    24 	   58 	  1271.8372 	  0.121 	 0.0170 	 101.000 	   0 	 1.00 	 1.00 	 -174.988876 	   1.84 	 1.72e+04 	  0 	 1.15e-10 	    500
    48 	     24	    24 	   59 	  1272.9857 	  0.121 	 0.0120 	 101.000 	   0 	 1.00 	 1.00 	 -175.157417 	   1.80 	 1.72e+04 	  0 	 1.85e-10 	    498
    48 	     24	    24 	   60 	  1270.7098 	  0.121 	 0.0063 	 101.000 	   0 	 1.00 	 1.00 	 -174.014649 	   1.75 	 1.72e+04 	  0 	 8.91e-11 	    499
    48 	     24	    24 	   61 	  1275.3713 	  0.121 	 0.0046 	 101.000 	   0 	 1.00 	 1.00 	 -174.864493 	   1.77 	 1.72e+04 	  0 	 1.57e-10 	    495
    48 	     24	    24 	   62 	  1272.5553 	  0.121 	 0.0032 	 101.000 	   0 	 1.00 	 1.00 	 -174.901498 	   1.74 	 1.72e+04 	  0 	 1.98e-10 	    491
    48 	     24	    24 	   63 	  1274.6605 	  0.121 	 0.0028 	 101.000 	   0 	 1.00 	 1.00 	 -174.938100 	   1.76 	 1.71e+04 	  0 	 1.91e-10 	    491
    48 	     24	    24 	   64 	  1272.2719 	  0.121 	 0.0017 	 101.000 	   0 	 1.00 	 1.00 	 -174.139708 	   1.75 	 1.71e+04 	  0 	 1.97e-10 	    490
    48 	     24	    24 	   65 	  1276.6459 	  0.121 	 0.0025 	 101.000 	   0 	 1.00 	 1.00 	 -176.410337 	   1.76 	 1.71e+04 	  0 	 1.28e-10 	    489
    48 	     24	    24 	   66 	  1273.9209 	  0.121 	 0.0014 	 101.000 	   0 	 1.00 	 1.00 	 -175.065101 	   1.77 	 1.71e+04 	  0 	 1.44e-10 	    489
    48 	     24	    24 	   67 	  1276.6578 	  0.121 	 0.0017 	 101.000 	   0 	 1.00 	 1.00 	 -178.334802 	   1.73 	 1.71e+04 	  0 	 1.01e-10 	    488
    48 	     24	    24 	   68 	  1275.8535 	  0.121 	 0.0014 	 101.000 	   0 	 1.00 	 1.00 	 -175.882335 	   1.73 	 1.71e+04 	  0 	 1.07e-10 	    486
    48 	     24	    24 	   69 	  1277.6427 	  0.121 	 0.0024 	 101.000 	   0 	 1.00 	 1.00 	 -177.707800 	   1.71 	 1.7e+04 	  0 	 1.98e-10 	    483
    48 	     24	    24 	   70 	  1273.4592 	  0.121 	 0.0009 	 101.000 	   0 	 1.00 	 1.00 	 -174.866632 	   1.74 	 1.7e+04 	  0 	 1.83e-10 	    482
    48 	     24	    24 	   71 	  1279.6333 	  0.121 	 0.0021 	 101.000 	   0 	 1.00 	 1.00 	 -175.762841 	   1.75 	 1.7e+04 	  0 	 1.49e-10 	    492
    48 	     24	    24 	   72 	  1275.1475 	  0.121 	 0.0012 	 101.000 	   0 	 1.00 	 1.00 	 -175.152409 	   1.72 	 1.7e+04 	  0 	 1.73e-10 	    479
    48 	     24	    24 	   73 	  1282.0232 	  0.121 	 0.0020 	 101.000 	   0 	 1.00 	 1.00 	 -176.694516 	   1.74 	 1.7e+04 	  0 	 1.65e-10 	    491
    48 	     24	    24 	   74 	  1278.4451 	  0.121 	 0.0013 	 101.000 	   0 	 1.00 	 1.00 	 -176.423963 	   1.71 	 1.7e+04 	  0 	 1.98e-10 	    478
    48 	     24	    24 	   75 	  1326.2399 	  0.121 	 0.0099 	 101.000 	   0 	 1.00 	 1.00 	 -189.176548 	   1.85 	 1.7e+04 	  0 	 1.14e-10 	    522
    48 	     24	    24 	   76 	  1284.4049 	  0.121 	 0.0098 	 101.000 	   0 	 1.00 	 1.00 	 -177.267270 	   1.67 	 1.68e+04 	  0 	 1.7e-10 	    459
    48 	     24	    24 	   77 	  1282.9344 	  0.121 	 0.0112 	 101.000 	   0 	 1.00 	 1.00 	 -176.089409 	   1.68 	 1.68e+04 	  0 	 8.15e-11 	    460
    48 	     24	    24 	   78 	  1283.8361 	  0.121 	 0.0105 	 101.000 	   0 	 1.00 	 1.00 	 -176.690843 	   1.70 	 1.68e+04 	  0 	 1.84e-10 	    458
    48 	     24	    24 	   79 	  1284.3881 	  0.121 	 0.0113 	 101.000 	   0 	 1.00 	 1.00 	 -176.563692 	   1.68 	 1.68e+04 	  0 	 1.4e-10 	    459
    48 	     24	    24 	   80 	  1280.4945 	  0.121 	 0.0040 	 101.000 	   0 	 1.00 	 1.00 	 -176.754100 	   1.66 	 1.68e+04 	  0 	 9.79e-11 	    458
    48 	     24	    24 	   81 	  1280.3073 	  0.121 	 0.0053 	 101.000 	   0 	 1.00 	 1.00 	 -175.882506 	   1.65 	 1.68e+04 	  0 	 8.2e-11 	    458
    48 	     24	    24 	   82 	  1280.1173 	  0.121 	 0.0070 	 101.000 	   0 	 1.00 	 1.00 	 -177.632946 	   1.65 	 1.68e+04 	  0 	 1.48e-10 	    456
    48 	     24	    24 	   83 	  1274.9869 	  0.121 	 0.0087 	 101.000 	   0 	 1.00 	 1.00 	 -174.755352 	   1.67 	 1.68e+04 	  0 	 1.01e-10 	    457
    48 	     24	    24 	   84 	  1276.1626 	  0.121 	 0.0109 	 101.000 	   0 	 1.00 	 1.00 	 -177.288667 	   1.66 	 1.68e+04 	  0 	 1.53e-10 	    456
    48 	     24	    24 	   85 	  1274.9386 	  0.121 	 0.0046 	 101.000 	   0 	 1.00 	 1.00 	 -175.839534 	   1.71 	 1.68e+04 	  0 	 1.15e-10 	    455
    48 	     24	    24 	   86 	  1275.9116 	  0.121 	 0.0047 	 101.000 	   0 	 1.00 	 1.00 	 -178.524444 	   1.64 	 1.68e+04 	  0 	 9.7e-11 	    456
    48 	     24	    24 	   87 	  1277.9149 	  0.121 	 0.0046 	 101.000 	   0 	 1.00 	 1.00 	 -176.708808 	   1.64 	 1.68e+04 	  0 	 1.61e-10 	    454
    48 	     24	    24 	   88 	  1274.8819 	  0.121 	 0.0032 	 101.000 	   0 	 1.00 	 1.00 	 -177.669558 	   1.64 	 1.68e+04 	  0 	 1.06e-10 	    455
    48 	     24	    24 	   89 	  1275.2129 	  0.121 	 0.0021 	 101.000 	   0 	 1.00 	 1.00 	 -176.127263 	   1.63 	 1.68e+04 	  0 	 1.05e-10 	    452
    48 	     24	    24 	   90 	  1276.8358 	  0.121 	 0.0009 	 101.000 	   0 	 1.00 	 1.00 	 -178.394870 	   1.64 	 1.68e+04 	  0 	 1.54e-10 	    452
    48 	     24	    24 	   91 	  1274.1604 	  0.121 	 0.0005 	 101.000 	   0 	 1.00 	 1.00 	 -176.085145 	   1.64 	 1.67e+04 	  0 	 1.39e-10 	    449
    48 	     24	    24 	   92 	  1276.4237 	  0.121 	 0.0004 	 101.000 	   0 	 1.00 	 1.00 	 -176.363979 	   1.63 	 1.67e+04 	  0 	 1.37e-10 	    451
    48 	     24	    24 	   93 	  1272.3363 	  0.121 	 0.0008 	 101.000 	   0 	 1.00 	 1.00 	 -175.750479 	   1.63 	 1.67e+04 	  0 	 1.43e-10 	    448
/home/abenjahp/SS-PilloProject-Nvidia/A0_OptTop3DGSBESO_V4_P8 
48x24x24__10_3_0.6_0.8_3_3_0.5_17_35_16_1HardK_S1SM2FDD2D2Sy0V2_0.02_0.12_GSBESO3D_V4_HardK_1 
Debugging?_0_IntGauss_0_NewEnsamblingSqueme_2_NewFilterSqueme_2_FilterBoundaryCond_D 
Length(mm)=  48  	 Height=24.000000 	 Widht(mm)=24.000000  	 E(MPa)=     1 	 nu=0.300000 	 Thickness(mm)=    	 Puntual Force(N)=     1 	 Finite element=      C3D8
rmin_mm=  3 	 rmin=3.000 	 dhx=1.000 	 dhy=1.000 	 dhz=1.000 	  EVOL=1.00000000  
nelx=    48 	 nely=    24  	 nelz=    24 	 Number of elements= 27648 	 volfrac=0.120 	 er=101.000 	 rmin=     3 	 pen=  0
Chromosome Length= 10 	 Crossover method=  3 	 Pc_min=0.600000 	 Pm_min=0.800000 	 pen_pc=  3 	 pen_pm= 3 	 Recovery percentage=0.500000 
Funcion de desarrollo Prg=(89*it^2)/10000 - (17*it)/2500 - (3*it^3)/10000 + 7/2500 
nelx= 	 nely= 	 nelz= 	  It= 	    Obj= 	 Vol= 	         ch= 	         er= 	 pen= 	 Pc= 	 Pm= 	 MaxUy= 	 tITER= 	 freedofs=  
    48 	     24	    24 	    1 	   232.4849 	  0.833 	 1.0000 	 101.000 	   0 	 0.60 	 0.80 	 -31.756547 	   3.91 	 7.79e+04 	  0 	 1.45e-10 	    184
    48 	     24	    24 	    2 	   232.4850 	  0.831 	 1.0000 	 101.000 	   0 	 0.60 	 0.80 	 -31.756548 	   3.77 	 7.79e+04 	  0 	 1.47e-10 	    184
    48 	     24	    24 	    3 	   232.4885 	  0.822 	 1.0000 	 101.000 	   0 	 0.60 	 0.80 	 -31.756870 	   3.70 	 7.78e+04 	  0 	 1.89e-10 	    184
    48 	     24	    24 	    4 	   232.5338 	  0.806 	 1.0000 	 101.000 	   0 	 0.60 	 0.80 	 -31.762310 	   3.89 	 7.77e+04 	  0 	 1.55e-10 	    193
    48 	     24	    24 	    5 	   232.8434 	  0.780 	 1.0000 	 101.000 	   0 	 0.60 	 0.80 	 -31.800822 	   4.42 	 7.74e+04 	  0 	 1.93e-10 	    224
    48 	     24	    24 	    6 	   234.2290 	  0.745 	 1.0000 	 101.000 	   0 	 0.60 	 0.80 	 -31.986303 	   4.88 	 7.65e+04 	  0 	 1.57e-10 	    255
    48 	     24	    24 	    7 	   237.8100 	  0.703 	 1.0000 	 101.000 	   0 	 0.60 	 0.80 	 -32.456661 	   5.05 	 7.52e+04 	  0 	 1.66e-10 	    285
    48 	     24	    24 	    8 	   246.3342 	  0.652 	 1.0000 	 101.000 	   0 	 0.60 	 0.80 	 -33.585068 	   4.26 	 7.29e+04 	  0 	 1.85e-10 	    246
    48 	     24	    24 	    9 	   263.4519 	  0.595 	 1.0000 	 101.000 	   0 	 0.60 	 0.80 	 -36.064404 	   4.71 	 7e+04 	  0 	 1.65e-10 	    295
    48 	     24	    24 	   10 	   286.5059 	  0.527 	 0.0832 	 101.000 	   0 	 0.60 	 0.80 	 -39.072644 	   4.24 	 6.65e+04 	  0 	 1.73e-10 	    287
    48 	     24	    24 	   11 	   328.1881 	  0.457 	 0.1451 	 101.000 	   0 	 0.60 	 0.80 	 -44.917025 	   4.02 	 6.22e+04 	  0 	 1.99e-10 	    301
    48 	     24	    24 	   12 	   375.0286 	  0.388 	 0.2198 	 101.000 	   0 	 0.60 	 0.80 	 -51.148537 	   4.89 	 5.67e+04 	  0 	 1.78e-10 	    402
    48 	     24	    24 	   13 	   429.0425 	  0.326 	 0.2963 	 101.000 	   0 	 0.60 	 0.80 	 -58.255520 	   3.65 	 5.05e+04 	  0 	 1.85e-10 	    347
    48 	     24	    24 	   14 	   525.3405 	  0.270 	 0.3752 	 101.000 	   0 	 0.60 	 0.80 	 -71.028738 	   3.51 	 4.44e+04 	  0 	 1.99e-10 	    391
    48 	     24	    24 	   15 	   637.3108 	  0.225 	 0.4473 	 101.000 	   0 	 0.60 	 0.80 	 -85.835269 	   3.29 	 3.83e+04 	  0 	 1.92e-10 	    439
    48 	     24	    24 	   16 	   749.3032 	  0.191 	 0.4984 	 101.000 	   0 	 0.60 	 0.80 	 -106.573339 	   3.00 	 3.29e+04 	  0 	 1.81e-10 	    481
    48 	     24	    24 	   17 	   857.6958 	  0.175 	 0.5312 	 101.000 	   0 	 0.60 	 0.80 	 -116.475986 	   2.65 	 2.82e+04 	  0 	 1.94e-10 	    489
    48 	     24	    24 	   18 	   914.8891 	  0.167 	 0.5434 	 101.000 	   0 	 0.60 	 0.80 	 -125.217489 	   2.53 	 2.57e+04 	  0 	 1.68e-10 	    506
    48 	     24	    24 	   19 	   937.5349 	  0.163 	 0.5254 	 101.000 	   0 	 0.60 	 0.80 	 -128.583922 	   2.41 	 2.43e+04 	  0 	 1.98e-10 	    498
    48 	     24	    24 	   20 	   964.1766 	  0.161 	 0.4812 	 101.000 	   0 	 0.60 	 0.80 	 -132.366720 	   2.37 	 2.36e+04 	  0 	 1.88e-10 	    513
    48 	     24	    24 	   21 	   971.6507 	  0.158 	 0.4154 	 101.000 	   0 	 0.60 	 0.80 	 -136.583631 	   2.32 	 2.33e+04 	  0 	 1.87e-10 	    504
    48 	     24	    24 	   22 	   991.1932 	  0.156 	 0.3307 	 101.000 	   0 	 0.60 	 0.80 	 -139.797801 	   2.35 	 2.3e+04 	  0 	 2e-10 	    517
    48 	     24	    24 	   23 	  1004.1938 	  0.154 	 0.2432 	 101.000 	   0 	 0.60 	 0.80 	 -138.284119 	   2.37 	 2.28e+04 	  0 	 1.91e-10 	    536
    48 	     24	    24 	   24 	  1014.1233 	  0.151 	 0.1716 	 101.000 	   0 	 0.60 	 0.80 	 -138.839805 	   2.41 	 2.25e+04 	  0 	 1.9e-10 	    547
    48 	     24	    24 	   25 	  1035.8238 	  0.150 	 0.1183 	 101.000 	   0 	 0.60 	 0.80 	 -143.616080 	   2.37 	 2.21e+04 	  0 	 1.69e-10 	    556
    48 	     24	    24 	   26 	  1041.1103 	  0.147 	 0.0866 	 101.000 	   0 	 0.60 	 0.80 	 -143.177422 	   2.39 	 2.18e+04 	  0 	 1.95e-10 	    555
    48 	     24	    24 	   27 	  1090.6568 	  0.146 	 0.0784 	 101.000 	   0 	 0.60 	 0.80 	 -157.668363 	   2.32 	 2.15e+04 	  0 	 1.84e-10 	    548
    48 	     24	    24 	   28 	  1074.1411 	  0.143 	 0.0737 	 101.000 	   0 	 0.60 	 0.80 	 -147.601459 	   2.34 	 2.11e+04 	  0 	 1.54e-10 	    560
    48 	     24	    24 	   29 	  1082.0093 	  0.142 	 0.0711 	 101.000 	   0 	 0.60 	 0.80 	 -148.148766 	   2.30 	 2.07e+04 	  0 	 1.98e-10 	    556
    48 	     24	    24 	   30 	  1086.8537 	  0.141 	 0.0666 	 101.000 	   0 	 0.60 	 0.80 	 -148.524325 	   2.24 	 2.06e+04 	  0 	 1.84e-10 	    554
    48 	     24	    24 	   31 	  1095.8126 	  0.140 	 0.0632 	 101.000 	   0 	 0.60 	 0.80 	 -149.614089 	   2.28 	 2.03e+04 	  0 	 1.66e-10 	    567
    48 	     24	    24 	   32 	  1096.1970 	  0.139 	 0.0458 	 101.000 	   0 	 0.60 	 0.80 	 -150.000248 	   2.22 	 2.02e+04 	  0 	 1.61e-10 	    548
    48 	     24	    24 	   33 	  1103.6358 	  0.139 	 0.0382 	 101.000 	   0 	 0.60 	 0.80 	 -150.913962 	   2.27 	 2e+04 	  0 	 1.96e-10 	    555
    48 	     24	    24 	   34 	  1109.5444 	  0.137 	 0.0306 	 101.000 	   0 	 0.60 	 0.80 	 -151.458863 	   2.25 	 1.99e+04 	  0 	 1.48e-10 	    562
    48 	     24	    24 	   35 	  1121.8055 	  0.136 	 0.0275 	 101.000 	   0 	 0.60 	 0.80 	 -153.792831 	   2.21 	 1.98e+04 	  0 	 1.82e-10 	    563
    48 	     24	    24 	   36 	  1126.5105 	  0.135 	 0.0231 	 101.000 	   0 	 0.60 	 0.80 	 -154.790656 	   2.02 	 1.96e+04 	  0 	 1.86e-10 	    518
    48 	     24	    24 	   37 	  1140.2567 	  0.134 	 0.0298 	 101.000 	   0 	 0.60 	 0.80 	 -156.852367 	   2.18 	 1.95e+04 	  0 	 1.34e-10 	    565
    48 	     24	    24 	   38 	  1145.6610 	  0.133 	 0.0318 	 101.000 	   0 	 0.60 	 0.80 	 -157.718969 	   2.17 	 1.93e+04 	  0 	 1.26e-10 	    565
    48 	     24	    24 	   39 	  1153.4045 	  0.132 	 0.0344 	 101.000 	   0 	 0.60 	 0.80 	 -158.225954 	   2.16 	 1.91e+04 	  0 	 1.68e-10 	    566
    48 	     24	    24 	   40 	  1161.3177 	  0.131 	 0.0349 	 101.000 	   0 	 0.60 	 0.80 	 -160.623486 	   2.17 	 1.9e+04 	  0 	 1.71e-10 	    563
    48 	     24	    24 	   41 	  1173.1549 	  0.130 	 0.0374 	 101.000 	   0 	 0.60 	 0.80 	 -161.471629 	   2.15 	 1.88e+04 	  0 	 1.34e-10 	    570
    48 	     24	    24 	   42 	  1179.0805 	  0.130 	 0.0363 	 101.000 	   0 	 0.61 	 0.80 	 -162.302754 	   2.00 	 1.88e+04 	  0 	 1.69e-10 	    521
    48 	     24	    24 	   43 	  1186.5812 	  0.129 	 0.0358 	 101.000 	   0 	 0.62 	 0.81 	 -164.094395 	   2.09 	 1.87e+04 	  0 	 1.96e-10 	    564
    48 	     24	    24 	   44 	  1198.2603 	  0.128 	 0.0357 	 101.000 	   0 	 0.63 	 0.82 	 -164.834882 	   2.12 	 1.85e+04 	  0 	 1.45e-10 	    567
    48 	     24	    24 	   45 	  1206.5971 	  0.127 	 0.0364 	 101.000 	   0 	 0.66 	 0.83 	 -165.850097 	   2.07 	 1.84e+04 	  0 	 1.44e-10 	    562
    48 	     24	    24 	   46 	  1214.4110 	  0.126 	 0.0353 	 101.000 	   0 	 0.69 	 0.84 	 -166.649844 	   2.19 	 1.82e+04 	  0 	 1.69e-10 	    565
    48 	     24	    24 	   47 	  1219.0310 	  0.126 	 0.0352 	 101.000 	   0 	 0.73 	 0.86 	 -170.498478 	   2.05 	 1.82e+04 	  0 	 1.32e-10 	    562
    48 	     24	    24 	   48 	  1224.0747 	  0.125 	 0.0344 	 101.000 	   0 	 0.78 	 0.89 	 -173.213382 	   2.06 	 1.81e+04 	  0 	 1.52e-10 	    565
    48 	     24	    24 	   49 	  1233.3638 	  0.124 	 0.0327 	 101.000 	   0 	 0.83 	 0.91 	 -171.781409 	   1.88 	 1.79e+04 	  0 	 1.38e-10 	    521
    48 	     24	    24 	   50 	  1243.2777 	  0.122 	 0.0311 	 101.000 	   0 	 0.88 	 0.94 	 -173.640836 	   1.88 	 1.78e+04 	  0 	 1.8e-10 	    519
    48 	     24	    24 	   51 	  1280.2695 	  0.122 	 0.0347 	 101.000 	   0 	 0.94 	 0.97 	 -184.396833 	   1.84 	 1.76e+04 	  0 	 1.56e-10 	    520
    48 	     24	    24 	   52 	  1279.6376 	  0.121 	 0.0377 	 101.000 	   0 	 0.98 	 0.99 	 -181.395565 	   1.89 	 1.75e+04 	  0 	 1.44e-10 	    521
    48 	     24	    24 	   53 	  1287.1152 	  0.121 	 0.0413 	 101.000 	   0 	 1.00 	 1.00 	 -184.918489 	   1.95 	 1.74e+04 	  0 	 1.58e-10 	    522
    48 	     24	    24 	   54 	  1288.1522 	  0.121 	 0.0441 	 101.000 	   0 	 1.00 	 1.00 	 -186.965102 	   1.86 	 1.73e+04 	  0 	 1.61e-10 	    518
    48 	     24	    24 	   55 	  1307.3768 	  0.121 	 0.0479 	 101.000 	   0 	 1.00 	 1.00 	 -196.944471 	   1.80 	 1.73e+04 	  0 	 1.54e-10 	    517
    48 	     24	    24 	   56 	  1290.7114 	  0.121 	 0.0392 	 101.000 	   0 	 1.00 	 1.00 	 -186.057062 	   1.81 	 1.72e+04 	  0 	 1e-10 	    514
    48 	     24	    24 	   57 	  1282.9231 	  0.121 	 0.0303 	 101.000 	   0 	 1.00 	 1.00 	 -179.603314 	   1.81 	 1.72e+04 	  0 	 1.11e-10 	    510
    48 	     24	    24 	   58 	  1283.9735 	  0.121 	 0.0201 	 101.000 	   0 	 1.00 	 1.00 	 -180.059426 	   1.80 	 1.72e+04 	  0 	 1.84e-10 	    508
    48 	     24	    24 	   59 	  1282.6931 	  0.121 	 0.0107 	 101.000 	   0 	 1.00 	 1.00 	 -177.956245 	   1.78 	 1.72e+04 	  0 	 1.54e-10 	    502
    48 	     24	    24 	   60 	  1285.6973 	  0.121 	 0.0026 	 101.000 	   0 	 1.00 	 1.00 	 -182.334101 	   1.79 	 1.71e+04 	  0 	 1.17e-10 	    504
    48 	     24	    24 	   61 	  1284.7804 	  0.121 	 0.0051 	 101.000 	   0 	 1.00 	 1.00 	 -179.454723 	   1.78 	 1.72e+04 	  0 	 1.8e-10 	    503
    48 	     24	    24 	   62 	  1285.8935 	  0.121 	 0.0052 	 101.000 	   0 	 1.00 	 1.00 	 -181.511171 	   1.76 	 1.71e+04 	  0 	 8.69e-11 	    501
    48 	     24	    24 	   63 	  1282.5527 	  0.121 	 0.0049 	 101.000 	   0 	 1.00 	 1.00 	 -178.310574 	   1.78 	 1.71e+04 	  0 	 1.01e-10 	    500
    48 	     24	    24 	   64 	  1287.1743 	  0.121 	 0.0034 	 101.000 	   0 	 1.00 	 1.00 	 -185.254671 	   1.75 	 1.7e+04 	  0 	 1.33e-10 	    497
    48 	     24	    24 	   65 	  1278.0994 	  0.121 	 0.0012 	 101.000 	   0 	 1.00 	 1.00 	 -181.005632 	   1.74 	 1.7e+04 	  0 	 1.24e-10 	    495
    48 	     24	    24 	   66 	  1277.1469 	  0.121 	 0.0014 	 101.000 	   0 	 1.00 	 1.00 	 -179.083043 	   1.79 	 1.7e+04 	  0 	 8.49e-11 	    495
    48 	     24	    24 	   67 	  1273.5780 	  0.121 	 0.0038 	 101.000 	   0 	 1.00 	 1.00 	 -177.426435 	   1.71 	 1.7e+04 	  0 	 9.69e-11 	    488
    48 	     24	    24 	   68 	  1280.5124 	  0.121 	 0.0039 	 101.000 	   0 	 1.00 	 1.00 	 -182.026491 	   1.74 	 1.7e+04 	  0 	 1.77e-10 	    493
    48 	     24	    24 	   69 	  1274.9369 	  0.121 	 0.0066 	 101.000 	   0 	 1.00 	 1.00 	 -176.895674 	   1.74 	 1.69e+04 	  0 	 9e-11 	    485
    48 	     24	    24 	   70 	  1276.7873 	  0.121 	 0.0056 	 101.000 	   0 	 1.00 	 1.00 	 -179.650102 	   1.72 	 1.69e+04 	  0 	 1.73e-10 	    484
    48 	     24	    24 	   71 	  1275.1663 	  0.121 	 0.0047 	 101.000 	   0 	 1.00 	 1.00 	 -177.611841 	   1.71 	 1.69e+04 	  0 	 1.36e-10 	    482
    48 	     24	    24 	   72 	  1281.0802 	  0.121 	 0.0016 	 101.000 	   0 	 1.00 	 1.00 	 -182.784277 	   1.75 	 1.69e+04 	  0 	 1.69e-10 	    484
    48 	     24	    24 	   73 	  1275.5596 	  0.121 	 0.0020 	 101.000 	   0 	 1.00 	 1.00 	 -178.259750 	   1.70 	 1.69e+04 	  0 	 1.6e-10 	    480
    48 	     24	    24 	   74 	  1279.1967 	  0.121 	 0.0006 	 101.000 	   0 	 1.00 	 1.00 	 -178.470303 	   1.69 	 1.69e+04 	  0 	 1.61e-10 	    482
/home/abenjahp/SS-PilloProject-Nvidia/A0_OptTop3DGSBESO_V4_P8 
48x24x24__10_3_0.6_0.8_3_3_0.5_17_35_16_1HardK_S1SM2FDD2D2Sy0V2_0.02_0.12_GSBESO3D_V4_HardK_1 
Debugging?_0_IntGauss_0_NewEnsamblingSqueme_2_NewFilterSqueme_2_FilterBoundaryCond_D 
Length(mm)=  48  	 Height=24.000000 	 Widht(mm)=24.000000  	 E(MPa)=     1 	 nu=0.300000 	 Thickness(mm)=    	 Puntual Force(N)=     1 	 Finite element=      C3D8
rmin_mm=  3 	 rmin=3.000 	 dhx=1.000 	 dhy=1.000 	 dhz=1.000 	  EVOL=1.00000000  
nelx=    48 	 nely=    24  	 nelz=    24 	 Number of elements= 27648 	 volfrac=0.120 	 er=101.000 	 rmin=     3 	 pen=  0
Chromosome Length= 10 	 Crossover method=  3 	 Pc_min=0.600000 	 Pm_min=0.800000 	 pen_pc=  3 	 pen_pm= 3 	 Recovery percentage=0.500000 
Funcion de desarrollo Prg=(89*it^2)/10000 - (17*it)/2500 - (3*it^3)/10000 + 7/2500 
nelx= 	 nely= 	 nelz= 	  It= 	    Obj= 	 Vol= 	         ch= 	         er= 	 pen= 	 Pc= 	 Pm= 	 MaxUy= 	 tITER= 	 freedofs=  
    48 	     24	    24 	    1 	   232.4849 	  0.833 	 1.0000 	 101.000 	   0 	 0.60 	 0.80 	 -31.756547 	   3.73 	 7.79e+04 	  0 	 1.97e-10 	    183
    48 	     24	    24 	    2 	   232.4851 	  0.830 	 1.0000 	 101.000 	   0 	 0.60 	 0.80 	 -31.756562 	   3.69 	 7.78e+04 	  0 	 1.86e-10 	    183
    48 	     24	    24 	    3 	   232.4882 	  0.822 	 1.0000 	 101.000 	   0 	 0.60 	 0.80 	 -31.756853 	   4.32 	 7.78e+04 	  0 	 1.49e-10 	    203
    48 	     24	    24 	    4 	   232.5304 	  0.806 	 1.0000 	 101.000 	   0 	 0.60 	 0.80 	 -31.761989 	   4.08 	 7.77e+04 	  0 	 1.42e-10 	    205
    48 	     24	    24 	    5 	   232.8343 	  0.780 	 1.0000 	 101.000 	   0 	 0.60 	 0.80 	 -31.800935 	   4.75 	 7.72e+04 	  0 	 1.87e-10 	    234
    48 	     24	    24 	    6 	   234.2105 	  0.746 	 1.0000 	 101.000 	   0 	 0.60 	 0.80 	 -31.978084 	   4.98 	 7.65e+04 	  0 	 1.74e-10 	    267
    48 	     24	    24 	    7 	   237.5523 	  0.703 	 1.0000 	 101.000 	   0 	 0.60 	 0.80 	 -32.430641 	   4.64 	 7.51e+04 	  0 	 1.75e-10 	    264
    48 	     24	    24 	    8 	   246.1093 	  0.653 	 1.0000 	 101.000 	   0 	 0.60 	 0.80 	 -33.536885 	   4.30 	 7.3e+04 	  0 	 1.64e-10 	    250
    48 	     24	    24 	    9 	   265.5514 	  0.596 	 1.0000 	 101.000 	   0 	 0.60 	 0.80 	 -36.063174 	   4.38 	 7.03e+04 	  0 	 1.99e-10 	    266
    48 	     24	    24 	   10 	   289.9650 	  0.529 	 0.0868 	 101.000 	   0 	 0.60 	 0.80 	 -39.607922 	   4.21 	 6.65e+04 	  0 	 1.68e-10 	    284
    48 	     24	    24 	   11 	   322.7750 	  0.459 	 0.1449 	 101.000 	   0 	 0.60 	 0.80 	 -43.872894 	   4.87 	 6.21e+04 	  0 	 1.9e-10 	    368
    48 	     24	    24 	   12 	   362.4132 	  0.388 	 0.2133 	 101.000 	   0 	 0.60 	 0.80 	 -49.281207 	   4.09 	 5.66e+04 	  0 	 1.98e-10 	    326
    48 	     24	    24 	   13 	   423.0816 	  0.325 	 0.2888 	 101.000 	   0 	 0.60 	 0.80 	 -57.269681 	   3.66 	 5.03e+04 	  0 	 1.94e-10 	    337
    48 	     24	    24 	   14 	   507.3797 	  0.271 	 0.3618 	 101.000 	   0 	 0.60 	 0.80 	 -68.621167 	   3.23 	 4.39e+04 	  0 	 1.72e-10 	    367
    48 	     24	    24 	   15 	   604.3303 	  0.226 	 0.4264 	 101.000 	   0 	 0.60 	 0.80 	 -81.579730 	   3.03 	 3.8e+04 	  0 	 1.87e-10 	    408
    48 	     24	    24 	   16 	   725.4139 	  0.193 	 0.4807 	 101.000 	   0 	 0.60 	 0.80 	 -97.972398 	   2.87 	 3.3e+04 	  0 	 1.77e-10 	    458
    48 	     24	    24 	   17 	   833.7334 	  0.175 	 0.5194 	 101.000 	   0 	 0.60 	 0.80 	 -113.611976 	   2.55 	 2.86e+04 	  0 	 1.99e-10 	    460
    48 	     24	    24 	   18 	   925.9956 	  0.169 	 0.5374 	 101.000 	   0 	 0.60 	 0.80 	 -138.605348 	   2.49 	 2.56e+04 	  0 	 1.73e-10 	    499
    48 	     24	    24 	   19 	   911.6766 	  0.165 	 0.5237 	 101.000 	   0 	 0.60 	 0.80 	 -124.540412 	   2.37 	 2.46e+04 	  0 	 1.75e-10 	    486
    48 	     24	    24 	   20 	   927.5412 	  0.162 	 0.4866 	 101.000 	   0 	 0.60 	 0.80 	 -127.577318 	   2.31 	 2.38e+04 	  0 	 1.91e-10 	    483
    48 	     24	    24 	   21 	   947.3761 	  0.160 	 0.4231 	 101.000 	   0 	 0.60 	 0.80 	 -129.637088 	   2.26 	 2.34e+04 	  0 	 1.63e-10 	    485
    48 	     24	    24 	   22 	   988.8380 	  0.157 	 0.3419 	 101.000 	   0 	 0.60 	 0.80 	 -145.729046 	   2.37 	 2.31e+04 	  0 	 1.91e-10 	    528
    48 	     24	    24 	   23 	  1000.6627 	  0.155 	 0.2469 	 101.000 	   0 	 0.60 	 0.80 	 -146.053682 	   2.44 	 2.27e+04 	  0 	 1.96e-10 	    534
    48 	     24	    24 	   24 	  1002.6104 	  0.152 	 0.1779 	 101.000 	   0 	 0.60 	 0.80 	 -144.855964 	   2.35 	 2.25e+04 	  0 	 1.81e-10 	    532
    48 	     24	    24 	   25 	  1014.4485 	  0.150 	 0.1271 	 101.000 	   0 	 0.60 	 0.80 	 -144.439323 	   2.31 	 2.21e+04 	  0 	 1.88e-10 	    534
    48 	     24	    24 	   26 	  1026.2927 	  0.149 	 0.0967 	 101.000 	   0 	 0.60 	 0.80 	 -147.010546 	   2.36 	 2.18e+04 	  0 	 1.63e-10 	    545
    48 	     24	    24 	   27 	  1032.2050 	  0.148 	 0.0738 	 101.000 	   0 	 0.60 	 0.80 	 -147.829493 	   2.33 	 2.16e+04 	  0 	 1.96e-10 	    547
    48 	     24	    24 	   28 	  1040.7713 	  0.146 	 0.0665 	 101.000 	   0 	 0.60 	 0.80 	 -146.936097 	   2.30 	 2.15e+04 	  0 	 1.89e-10 	    552
    48 	     24	    24 	   29 	  1054.8189 	  0.145 	 0.0583 	 101.000 	   0 	 0.60 	 0.80 	 -150.465378 	   2.34 	 2.12e+04 	  0 	 1.88e-10 	    555
    48 	     24	    24 	   30 	  1059.9730 	  0.143 	 0.0499 	 101.000 	   0 	 0.60 	 0.80 	 -149.326508 	   2.34 	 2.1e+04 	  0 	 1.97e-10 	    550
    48 	     24	    24 	   31 	  1075.1976 	  0.142 	 0.0437 	 101.000 	   0 	 0.60 	 0.80 	 -151.956970 	   2.41 	 2.09e+04 	  0 	 1.75e-10 	    568
    48 	     24	    24 	   32 	  1079.5802 	  0.140 	 0.0441 	 101.000 	   0 	 0.60 	 0.80 	 -154.311702 	   2.34 	 2.07e+04 	  0 	 1.77e-10 	    568
    48 	     24	    24 	   33 	  1085.6712 	  0.140 	 0.0446 	 101.000 	   0 	 0.60 	 0.80 	 -152.707351 	   2.33 	 2.05e+04 	  0 	 1.95e-10 	    562
    48 	     24	    24 	   34 	  1091.7690 	  0.139 	 0.0415 	 101.000 	   0 	 0.60 	 0.80 	 -154.274040 	   2.27 	 2.04e+04 	  0 	 1.63e-10 	    564
    48 	     24	    24 	   35 	  1103.6655 	  0.137 	 0.0408 	 101.000 	   0 	 0.60 	 0.80 	 -156.634974 	   2.26 	 2.02e+04 	  0 	 1.37e-10 	    567
    48 	     24	    24 	   36 	  1114.9807 	  0.135 	 0.0388 	 101.000 	   0 	 0.60 	 0.80 	 -157.749310 	   2.34 	 2.01e+04 	  0 	 1.47e-10 	    576
    48 	     24	    24 	   37 	  1128.5766 	  0.134 	 0.0388 	 101.000 	   0 	 0.60 	 0.80 	 -159.159511 	   2.27 	 1.98e+04 	  0 	 1.88e-10 	    583
    48 	     24	    24 	   38 	  1135.3476 	  0.133 	 0.0393 	 101.000 	   0 	 0.60 	 0.80 	 -159.912565 	   2.13 	 1.96e+04 	  0 	 1.66e-10 	    541
    48 	     24	    24 	   39 	  1143.4068 	  0.133 	 0.0416 	 101.000 	   0 	 0.60 	 0.80 	 -160.351690 	   2.12 	 1.94e+04 	  0 	 1.73e-10 	    541
    48 	     24	    24 	   40 	  1147.6690 	  0.133 	 0.0413 	 101.000 	   0 	 0.60 	 0.80 	 -160.736400 	   2.25 	 1.94e+04 	  0 	 1.8e-10 	    581
    48 	     24	    24 	   41 	  1148.7885 	  0.132 	 0.0400 	 101.000 	   0 	 0.60 	 0.80 	 -162.713683 	   2.23 	 1.93e+04 	  0 	 1.66e-10 	    587
    48 	     24	    24 	   42 	  1158.2942 	  0.131 	 0.0364 	 101.000 	   0 	 0.61 	 0.80 	 -164.990713 	   2.10 	 1.91e+04 	  0 	 1.92e-10 	    541
    48 	     24	    24 	   43 	  1165.5546 	  0.130 	 0.0329 	 101.000 	   0 	 0.62 	 0.81 	 -164.127103 	   2.20 	 1.9e+04 	  0 	 1.96e-10 	    585
    48 	     24	    24 	   44 	  1170.8847 	  0.129 	 0.0285 	 101.000 	   0 	 0.63 	 0.82 	 -165.874066 	   2.22 	 1.89e+04 	  0 	 1.92e-10 	    578
    48 	     24	    24 	   45 	  1181.8829 	  0.128 	 0.0267 	 101.000 	   0 	 0.66 	 0.83 	 -167.016192 	   2.20 	 1.88e+04 	  0 	 1.74e-10 	    581
    48 	     24	    24 	   46 	  1186.4381 	  0.127 	 0.0272 	 101.000 	   0 	 0.69 	 0.84 	 -165.927356 	   2.23 	 1.87e+04 	  0 	 1.69e-10 	    586
    48 	     24	    24 	   47 	  1201.6315 	  0.126 	 0.0293 	 101.000 	   0 	 0.73 	 0.86 	 -168.319060 	   2.15 	 1.85e+04 	  0 	 1.85e-10 	    583
    48 	     24	    24 	   48 	  1205.8263 	  0.125 	 0.0308 	 101.000 	   0 	 0.78 	 0.89 	 -169.829674 	   2.17 	 1.83e+04 	  0 	 1.84e-10 	    585
    48 	     24	    24 	   49 	  1226.9309 	  0.125 	 0.0352 	 101.000 	   0 	 0.83 	 0.91 	 -175.634778 	   2.12 	 1.81e+04 	  0 	 1.74e-10 	    582
    48 	     24	    24 	   50 	  1220.9352 	  0.123 	 0.0358 	 101.000 	   0 	 0.88 	 0.94 	 -171.118610 	   1.99 	 1.8e+04 	  0 	 1.72e-10 	    543
    48 	     24	    24 	   51 	  1243.4160 	  0.122 	 0.0386 	 101.000 	   0 	 0.94 	 0.97 	 -174.448504 	   2.08 	 1.78e+04 	  0 	 1.58e-10 	    545
    48 	     24	    24 	   52 	  1260.5447 	  0.122 	 0.0408 	 101.000 	   0 	 0.98 	 0.99 	 -180.368484 	   1.95 	 1.77e+04 	  0 	 1.56e-10 	    551
    48 	     24	    24 	   53 	  1262.2449 	  0.122 	 0.0430 	 101.000 	   0 	 1.00 	 1.00 	 -174.560099 	   1.92 	 1.76e+04 	  0 	 1.68e-10 	    537
    48 	     24	    24 	   54 	  1269.9781 	  0.122 	 0.0407 	 101.000 	   0 	 1.00 	 1.00 	 -183.109714 	   2.08 	 1.76e+04 	  0 	 1.38e-10 	    552
    48 	     24	    24 	   55 	  1260.3468 	  0.122 	 0.0405 	 101.000 	   0 	 1.00 	 1.00 	 -173.255130 	   1.86 	 1.76e+04 	  0 	 1.17e-10 	    527
    48 	     24	    24 	   56 	  1308.3656 	  0.122 	 0.0413 	 101.000 	   0 	 1.00 	 1.00 	 -196.342884 	   2.07 	 1.75e+04 	  0 	 1.42e-10 	    582
    48 	     24	    24 	   57 	  1278.4108 	  0.122 	 0.0348 	 101.000 	   0 	 1.00 	 1.00 	 -179.016209 	   1.87 	 1.76e+04 	  0 	 1.92e-10 	    521
    48 	     24	    24 	   58 	  1407.5176 	  0.122 	 0.0476 	 101.000 	   0 	 1.00 	 1.00 	 -242.594878 	   1.98 	 1.74e+04 	  0 	 1.56e-10 	    561
    48 	     24	    24 	   59 	  1300.2494 	  0.122 	 0.0454 	 101.000 	   0 	 1.00 	 1.00 	 -180.776389 	   1.83 	 1.73e+04 	  0 	 1.67e-10 	    508
    48 	     24	    24 	   60 	  1284.9645 	  0.122 	 0.0430 	 101.000 	   0 	 1.00 	 1.00 	 -177.772129 	   1.80 	 1.73e+04 	  0 	 1.81e-10 	    507
    48 	     24	    24 	   61 	  1277.9077 	  0.121 	 0.0286 	 101.000 	   0 	 1.00 	 1.00 	 -177.258579 	   1.78 	 1.73e+04 	  0 	 9.22e-11 	    502
    48 	     24	    24 	   62 	  1276.6873 	  0.121 	 0.0257 	 101.000 	   0 	 1.00 	 1.00 	 -176.492366 	   1.80 	 1.72e+04 	  0 	 1.3e-10 	    505
    48 	     24	    24 	   63 	  1273.4971 	  0.121 	 0.0174 	 101.000 	   0 	 1.00 	 1.00 	 -175.353981 	   1.79 	 1.72e+04 	  0 	 1.64e-10 	    501
    48 	     24	    24 	   64 	  1273.7276 	  0.121 	 0.0263 	 101.000 	   0 	 1.00 	 1.00 	 -176.315241 	   1.95 	 1.72e+04 	  0 	 1.54e-10 	    502
    48 	     24	    24 	   65 	  1269.8360 	  0.121 	 0.0326 	 101.000 	   0 	 1.00 	 1.00 	 -175.533681 	   1.77 	 1.72e+04 	  0 	 1.02e-10 	    500
    48 	     24	    24 	   66 	  1270.8864 	  0.121 	 0.0290 	 101.000 	   0 	 1.00 	 1.00 	 -174.356309 	   1.88 	 1.72e+04 	  0 	 1.3e-10 	    499
    48 	     24	    24 	   67 	  1268.0504 	  0.121 	 0.0301 	 101.000 	   0 	 1.00 	 1.00 	 -173.890773 	   1.79 	 1.72e+04 	  0 	 1.48e-10 	    496
    48 	     24	    24 	   68 	  1269.9234 	  0.121 	 0.0096 	 101.000 	   0 	 1.00 	 1.00 	 -175.942345 	   1.77 	 1.71e+04 	  0 	 1.08e-10 	    496
    48 	     24	    24 	   69 	  1268.8012 	  0.121 	 0.0062 	 101.000 	   0 	 1.00 	 1.00 	 -173.685103 	   1.75 	 1.72e+04 	  0 	 1.66e-10 	    492
    48 	     24	    24 	   70 	  1268.5288 	  0.121 	 0.0040 	 101.000 	   0 	 1.00 	 1.00 	 -176.029759 	   1.76 	 1.71e+04 	  0 	 1.94e-10 	    493
    48 	     24	    24 	   71 	  1265.0033 	  0.121 	 0.0038 	 101.000 	   0 	 1.00 	 1.00 	 -176.575356 	   1.73 	 1.71e+04 	  0 	 1.1e-10 	    492
    48 	     24	    24 	   72 	  1267.8347 	  0.121 	 0.0025 	 101.000 	   0 	 1.00 	 1.00 	 -174.102673 	   1.73 	 1.71e+04 	  0 	 1.58e-10 	    489
    48 	     24	    24 	   73 	  1265.1895 	  0.121 	 0.0027 	 101.000 	   0 	 1.00 	 1.00 	 -173.897960 	   1.75 	 1.71e+04 	  0 	 7.92e-11 	    486
    48 	     24	    24 	   74 	  1265.5273 	  0.121 	 0.0024 	 101.000 	   0 	 1.00 	 1.00 	 -174.072721 	   1.72 	 1.7e+04 	  0 	 1.71e-10 	    484
    48 	     24	    24 	   75 	  1266.2215 	  0.121 	 0.0026 	 101.000 	   0 	 1.00 	 1.00 	 -175.002130 	   1.74 	 1.7e+04 	  0 	 1.07e-10 	    485
    48 	     24	    24 	   76 	  1264.7219 	  0.121 	 0.0017 	 101.000 	   0 	 1.00 	 1.00 	 -174.595395 	   1.70 	 1.7e+04 	  0 	 1.79e-10 	    482
    48 	     24	    24 	   77 	  1267.8606 	  0.121 	 0.0017 	 101.000 	   0 	 1.00 	 1.00 	 -177.856206 	   1.72 	 1.7e+04 	  0 	 1.39e-10 	    483
    48 	     24	    24 	   78 	  1266.2606 	  0.121 	 0.0008 	 101.000 	   0 	 1.00 	 1.00 	 -176.730768 	   1.71 	 1.7e+04 	  0 	 9.78e-11 	    479
    48 	     24	    24 	   79 	  1269.6827 	  0.121 	 0.0004 	 101.000 	   0 	 1.00 	 1.00 	 -178.351942 	   1.73 	 1.7e+04 	  0 	 1.05e-10 	    481
    48 	     24	    24 	   80 	  1268.7616 	  0.121 	 0.0012 	 101.000 	   0 	 1.00 	 1.00 	 -177.886939 	   1.68 	 1.7e+04 	  0 	 1.85e-10 	    474
    48 	     24	    24 	   81 	  1270.3485 	  0.121 	 0.0021 	 101.000 	   0 	 1.00 	 1.00 	 -176.123837 	   1.73 	 1.7e+04 	  0 	 1.62e-10 	    476
    48 	     24	    24 	   82 	  1270.9724 	  0.121 	 0.0026 	 101.000 	   0 	 1.00 	 1.00 	 -180.839963 	   1.73 	 1.7e+04 	  0 	 1.98e-10 	    480
    48 	     24	    24 	   83 	  1270.5839 	  0.121 	 0.0031 	 101.000 	   0 	 1.00 	 1.00 	 -176.139478 	   1.70 	 1.7e+04 	  0 	 8.76e-11 	    478
    48 	     24	    24 	   84 	  1268.8650 	  0.121 	 0.0023 	 101.000 	   0 	 1.00 	 1.00 	 -176.068454 	   1.72 	 1.69e+04 	  0 	 1.56e-10 	    481
    48 	     24	    24 	   85 	  1262.5883 	  0.121 	 0.0010 	 101.000 	   0 	 1.00 	 1.00 	 -174.769309 	   1.69 	 1.7e+04 	  0 	 1.55e-10 	    469
    48 	     24	    24 	   86 	  1275.8090 	  0.121 	 0.0009 	 101.000 	   0 	 1.00 	 1.00 	 -181.520259 	   1.83 	 1.69e+04 	  0 	 1.48e-10 	    512
    48 	     24	    24 	   87 	  1314.0105 	  0.121 	 0.0072 	 101.000 	   0 	 1.00 	 1.00 	 -193.199338 	   1.76 	 1.69e+04 	  0 	 7.43e-11 	    494
    48 	     24	    24 	   88 	  1279.5627 	  0.121 	 0.0079 	 101.000 	   0 	 1.00 	 1.00 	 -178.838897 	   1.61 	 1.67e+04 	  0 	 1.69e-10 	    445
    48 	     24	    24 	   89 	  1275.7084 	  0.121 	 0.0091 	 101.000 	   0 	 1.00 	 1.00 	 -176.321437 	   1.65 	 1.68e+04 	  0 	 8.12e-11 	    448
    48 	     24	    24 	   90 	  1274.1444 	  0.121 	 0.0118 	 101.000 	   0 	 1.00 	 1.00 	 -177.986639 	   1.62 	 1.68e+04 	  0 	 1.17e-10 	    445
    48 	     24	    24 	   91 	  1274.0151 	  0.121 	 0.0107 	 101.000 	   0 	 1.00 	 1.00 	 -176.548930 	   1.62 	 1.68e+04 	  0 	 1.17e-10 	    448
    48 	     24	    24 	   92 	  1273.8530 	  0.121 	 0.0023 	 101.000 	   0 	 1.00 	 1.00 	 -176.617575 	   1.62 	 1.68e+04 	  0 	 1.36e-10 	    445
    48 	     24	    24 	   93 	  1271.6436 	  0.121 	 0.0049 	 101.000 	   0 	 1.00 	 1.00 	 -175.972387 	   1.61 	 1.68e+04 	  0 	 1.16e-10 	    446
    48 	     24	    24 	   94 	  1273.5497 	  0.121 	 0.0064 	 101.000 	   0 	 1.00 	 1.00 	 -176.849464 	   1.59 	 1.67e+04 	  0 	 1.92e-10 	    443
    48 	     24	    24 	   95 	  1272.4088 	  0.121 	 0.0084 	 101.000 	   0 	 1.00 	 1.00 	 -175.340594 	   1.63 	 1.67e+04 	  0 	 1.29e-10 	    443
    48 	     24	    24 	   96 	  1272.7509 	  0.121 	 0.0084 	 101.000 	   0 	 1.00 	 1.00 	 -175.090376 	   1.58 	 1.67e+04 	  0 	 1.67e-10 	    441
    48 	     24	    24 	   97 	  1272.7846 	  0.121 	 0.0022 	 101.000 	   0 	 1.00 	 1.00 	 -175.208678 	   1.61 	 1.67e+04 	  0 	 1.98e-10 	    441
    48 	     24	    24 	   98 	  1271.7394 	  0.121 	 0.0010 	 101.000 	   0 	 1.00 	 1.00 	 -174.864275 	   1.60 	 1.67e+04 	  0 	 1.64e-10 	    441
/home/abenjahp/SS-PilloProject-Nvidia/A0_OptTop3DGSBESO_V4_P8 
48x24x24__10_3_0.6_0.8_3_3_0.5_17_35_16_1HardK_S1SM2FDD2D2Sy0V2_0.02_0.12_GSBESO3D_V4_HardK_1 
Debugging?_0_IntGauss_0_NewEnsamblingSqueme_2_NewFilterSqueme_2_FilterBoundaryCond_D 
Length(mm)=  48  	 Height=24.000000 	 Widht(mm)=24.000000  	 E(MPa)=     1 	 nu=0.300000 	 Thickness(mm)=    	 Puntual Force(N)=     1 	 Finite element=      C3D8
rmin_mm=  3 	 rmin=3.000 	 dhx=1.000 	 dhy=1.000 	 dhz=1.000 	  EVOL=1.00000000  
nelx=    48 	 nely=    24  	 nelz=    24 	 Number of elements= 27648 	 volfrac=0.120 	 er=101.000 	 rmin=     3 	 pen=  0
Chromosome Length= 10 	 Crossover method=  3 	 Pc_min=0.600000 	 Pm_min=0.800000 	 pen_pc=  3 	 pen_pm= 3 	 Recovery percentage=0.500000 
Funcion de desarrollo Prg=(89*it^2)/10000 - (17*it)/2500 - (3*it^3)/10000 + 7/2500 
nelx= 	 nely= 	 nelz= 	  It= 	    Obj= 	 Vol= 	         ch= 	         er= 	 pen= 	 Pc= 	 Pm= 	 MaxUy= 	 tITER= 	 freedofs=  
    48 	     24	    24 	    1 	   232.4849 	  0.833 	 1.0000 	 101.000 	   0 	 0.60 	 0.80 	 -31.756547 	   4.09 	 7.79e+04 	  0 	 1.66e-10 	    185
    48 	     24	    24 	    2 	   232.4850 	  0.830 	 1.0000 	 101.000 	   0 	 0.60 	 0.80 	 -31.756546 	   3.85 	 7.79e+04 	  0 	 1.75e-10 	    185
    48 	     24	    24 	    3 	   232.4881 	  0.822 	 1.0000 	 101.000 	   0 	 0.60 	 0.80 	 -31.756890 	   3.98 	 7.78e+04 	  0 	 1.8e-10 	    186
    48 	     24	    24 	    4 	   232.5678 	  0.806 	 1.0000 	 101.000 	   0 	 0.60 	 0.80 	 -31.762142 	 262.42 	 7.77e+04 	  1 	 1.32e-07 	   4126
    48 	     24	    24 	    5 	   232.8797 	  0.779 	 1.0000 	 101.000 	   0 	 0.60 	 0.80 	 -31.807732 	   4.76 	 7.73e+04 	  0 	 1.68e-10 	    228
    48 	     24	    24 	    6 	   234.3249 	  0.745 	 1.0000 	 101.000 	   0 	 0.60 	 0.80 	 -31.991153 	   4.68 	 7.65e+04 	  0 	 1.81e-10 	    249
    48 	     24	    24 	    7 	   237.8105 	  0.702 	 1.0000 	 101.000 	   0 	 0.60 	 0.80 	 -32.456465 	   4.21 	 7.5e+04 	  0 	 1.56e-10 	    232
    48 	     24	    24 	    8 	   247.3992 	  0.652 	 1.0000 	 101.000 	   0 	 0.60 	 0.80 	 -33.746549 	   4.37 	 7.28e+04 	  0 	 1.85e-10 	    248
    48 	     24	    24 	    9 	   263.9301 	  0.596 	 1.0000 	 101.000 	   0 	 0.60 	 0.80 	 -35.968810 	   4.30 	 7e+04 	  0 	 1.85e-10 	    263
    48 	     24	    24 	   10 	   283.9553 	  0.527 	 0.0825 	 101.000 	   0 	 0.60 	 0.80 	 -38.568967 	   4.15 	 6.64e+04 	  0 	 1.83e-10 	    271
    48 	     24	    24 	   11 	   323.2642 	  0.460 	 0.1413 	 101.000 	   0 	 0.60 	 0.80 	 -43.856291 	   4.30 	 6.19e+04 	  0 	 1.99e-10 	    321
    48 	     24	    24 	   12 	   367.5454 	  0.391 	 0.2127 	 101.000 	   0 	 0.60 	 0.80 	 -49.920609 	   4.08 	 5.67e+04 	  0 	 1.82e-10 	    319
    48 	     24	    24 	   13 	   425.4792 	  0.327 	 0.2879 	 101.000 	   0 	 0.60 	 0.80 	 -57.623959 	   3.71 	 5.07e+04 	  0 	 1.81e-10 	    354
    48 	     24	    24 	   14 	   520.8250 	  0.275 	 0.3668 	 101.000 	   0 	 0.60 	 0.80 	 -70.757345 	   3.48 	 4.47e+04 	  0 	 1.68e-10 	    391
    48 	     24	    24 	   15 	   613.2927 	  0.225 	 0.4368 	 101.000 	   0 	 0.60 	 0.80 	 -85.454330 	   3.67 	 3.92e+04 	  0 	 1.96e-10 	    472
    48 	     24	    24 	   16 	   750.5119 	  0.195 	 0.4935 	 101.000 	   0 	 0.60 	 0.80 	 -104.591879 	   3.02 	 3.31e+04 	  0 	 1.98e-10 	    463
    48 	     24	    24 	   17 	   832.1030 	  0.179 	 0.5271 	 101.000 	   0 	 0.60 	 0.80 	 -112.140565 	   2.61 	 2.9e+04 	  0 	 1.83e-10 	    468
    48 	     24	    24 	   18 	   870.9050 	  0.170 	 0.5361 	 101.000 	   0 	 0.60 	 0.80 	 -116.938516 	   2.31 	 2.62e+04 	  0 	 1.78e-10 	    451
    48 	     24	    24 	   19 	   912.0041 	  0.166 	 0.5172 	 101.000 	   0 	 0.60 	 0.80 	 -123.196595 	   2.40 	 2.47e+04 	  0 	 1.86e-10 	    497
    48 	     24	    24 	   20 	   924.6105 	  0.161 	 0.4754 	 101.000 	   0 	 0.60 	 0.80 	 -123.573821 	   2.34 	 2.41e+04 	  0 	 1.75e-10 	    489
    48 	     24	    24 	   21 	   947.2771 	  0.159 	 0.4032 	 101.000 	   0 	 0.60 	 0.80 	 -128.702697 	   2.33 	 2.35e+04 	  0 	 1.94e-10 	    502
    48 	     24	    24 	   22 	   962.8737 	  0.156 	 0.3195 	 101.000 	   0 	 0.60 	 0.80 	 -132.506004 	   2.33 	 2.3e+04 	  0 	 1.84e-10 	    514
    48 	     24	    24 	   23 	   978.3725 	  0.153 	 0.2407 	 101.000 	   0 	 0.60 	 0.80 	 -134.630972 	   2.27 	 2.27e+04 	  0 	 1.9e-10 	    505
    48 	     24	    24 	   24 	   997.8689 	  0.151 	 0.1730 	 101.000 	   0 	 0.60 	 0.80 	 -136.706427 	   2.28 	 2.25e+04 	  0 	 1.81e-10 	    515
    48 	     24	    24 	   25 	  1016.6875 	  0.148 	 0.1250 	 101.000 	   0 	 0.60 	 0.80 	 -141.392048 	   2.27 	 2.22e+04 	  0 	 1.82e-10 	    517
    48 	     24	    24 	   26 	  1035.4967 	  0.147 	 0.1011 	 101.000 	   0 	 0.60 	 0.80 	 -145.030716 	   2.22 	 2.19e+04 	  0 	 1.8e-10 	    519
    48 	     24	    24 	   27 	  1049.5985 	  0.146 	 0.0907 	 101.000 	   0 	 0.60 	 0.80 	 -148.281383 	   2.28 	 2.17e+04 	  0 	 1.91e-10 	    530
    48 	     24	    24 	   28 	  1063.5039 	  0.143 	 0.0848 	 101.000 	   0 	 0.60 	 0.80 	 -149.244388 	   2.31 	 2.16e+04 	  0 	 2e-10 	    541
    48 	     24	    24 	   29 	  1073.4415 	  0.142 	 0.0816 	 101.000 	   0 	 0.60 	 0.80 	 -152.074995 	   2.26 	 2.12e+04 	  0 	 1.84e-10 	    540
    48 	     24	    24 	   30 	  1088.4126 	  0.141 	 0.0767 	 101.000 	   0 	 0.60 	 0.80 	 -153.592937 	   2.13 	 2.1e+04 	  0 	 1.79e-10 	    505
    48 	     24	    24 	   31 	  1092.7706 	  0.140 	 0.0701 	 101.000 	   0 	 0.60 	 0.80 	 -155.681463 	   2.08 	 2.09e+04 	  0 	 1.59e-10 	    503
    48 	     24	    24 	   32 	  1102.2701 	  0.139 	 0.0632 	 101.000 	   0 	 0.60 	 0.80 	 -154.847649 	   2.22 	 2.07e+04 	  0 	 1.68e-10 	    541
    48 	     24	    24 	   33 	  1110.2961 	  0.138 	 0.0556 	 101.000 	   0 	 0.60 	 0.80 	 -156.739587 	   2.25 	 2.05e+04 	  0 	 1.97e-10 	    541
    48 	     24	    24 	   34 	  1114.9785 	  0.137 	 0.0490 	 101.000 	   0 	 0.60 	 0.80 	 -158.619530 	   2.20 	 2.04e+04 	  0 	 1.88e-10 	    545
    48 	     24	    24 	   35 	  1126.2763 	  0.137 	 0.0426 	 101.000 	   0 	 0.60 	 0.80 	 -163.504389 	   2.22 	 2.02e+04 	  0 	 1.8e-10 	    553
    48 	     24	    24 	   36 	  1120.9689 	  0.136 	 0.0371 	 101.000 	   0 	 0.60 	 0.80 	 -159.621741 	   2.15 	 2.02e+04 	  0 	 1.9e-10 	    538
    48 	     24	    24 	   37 	  1133.1351 	  0.136 	 0.0330 	 101.000 	   0 	 0.60 	 0.80 	 -162.855134 	   2.16 	 2.01e+04 	  0 	 1.88e-10 	    545
    48 	     24	    24 	   38 	  1129.2794 	  0.135 	 0.0280 	 101.000 	   0 	 0.60 	 0.80 	 -161.934571 	   2.26 	 2e+04 	  0 	 1.9e-10 	    540
    48 	     24	    24 	   39 	  1135.9548 	  0.134 	 0.0242 	 101.000 	   0 	 0.60 	 0.80 	 -163.393949 	   2.17 	 1.99e+04 	  0 	 1.73e-10 	    545
    48 	     24	    24 	   40 	  1189.6320 	  0.135 	 0.0284 	 101.000 	   0 	 0.60 	 0.80 	 -195.381945 	   2.26 	 1.98e+04 	  0 	 1.64e-10 	    570
    48 	     24	    24 	   41 	  1158.1255 	  0.134 	 0.0298 	 101.000 	   0 	 0.60 	 0.80 	 -177.602737 	   2.21 	 1.97e+04 	  0 	 1.95e-10 	    563
    48 	     24	    24 	   42 	  1153.7726 	  0.132 	 0.0279 	 101.000 	   0 	 0.61 	 0.80 	 -170.066649 	   2.17 	 1.96e+04 	  0 	 1.92e-10 	    559
    48 	     24	    24 	   43 	  1168.1352 	  0.131 	 0.0312 	 101.000 	   0 	 0.62 	 0.81 	 -170.637974 	   2.16 	 1.94e+04 	  0 	 1.5e-10 	    563
    48 	     24	    24 	   44 	  1171.5091 	  0.130 	 0.0335 	 101.000 	   0 	 0.63 	 0.82 	 -170.751027 	   2.13 	 1.92e+04 	  0 	 1.81e-10 	    561
    48 	     24	    24 	   45 	  1180.7221 	  0.129 	 0.0211 	 101.000 	   0 	 0.66 	 0.83 	 -172.693366 	   2.11 	 1.9e+04 	  0 	 1.93e-10 	    561
    48 	     24	    24 	   46 	  1180.1670 	  0.128 	 0.0185 	 101.000 	   0 	 0.69 	 0.84 	 -171.374509 	   2.05 	 1.88e+04 	  0 	 1.87e-10 	    519
    48 	     24	    24 	   47 	  1198.1986 	  0.127 	 0.0224 	 101.000 	   0 	 0.73 	 0.86 	 -175.112423 	   1.93 	 1.87e+04 	  0 	 1.67e-10 	    523
    48 	     24	    24 	   48 	  1203.5223 	  0.125 	 0.0217 	 101.000 	   0 	 0.78 	 0.89 	 -176.599764 	   1.96 	 1.85e+04 	  0 	 1.8e-10 	    518
    48 	     24	    24 	   49 	  1224.2494 	  0.124 	 0.0243 	 101.000 	   0 	 0.83 	 0.91 	 -177.454511 	   1.94 	 1.82e+04 	  0 	 1.88e-10 	    524
    48 	     24	    24 	   50 	  1235.4493 	  0.123 	 0.0346 	 101.000 	   0 	 0.88 	 0.94 	 -179.943003 	   1.91 	 1.81e+04 	  0 	 1.79e-10 	    519
    48 	     24	    24 	   51 	  1253.5671 	  0.123 	 0.0426 	 101.000 	   0 	 0.94 	 0.97 	 -182.275064 	   1.87 	 1.79e+04 	  0 	 1.77e-10 	    519
    48 	     24	    24 	   52 	  1254.9166 	  0.122 	 0.0442 	 101.000 	   0 	 0.98 	 0.99 	 -186.170590 	   1.85 	 1.78e+04 	  0 	 1.78e-10 	    507
    48 	     24	    24 	   53 	  1261.4959 	  0.122 	 0.0474 	 101.000 	   0 	 1.00 	 1.00 	 -180.851802 	   1.87 	 1.77e+04 	  0 	 1.69e-10 	    508
    48 	     24	    24 	   54 	  1263.5813 	  0.122 	 0.0450 	 101.000 	   0 	 1.00 	 1.00 	 -186.264165 	   1.81 	 1.76e+04 	  0 	 1.8e-10 	    506
    48 	     24	    24 	   55 	  1265.6844 	  0.122 	 0.0409 	 101.000 	   0 	 1.00 	 1.00 	 -183.972857 	   1.80 	 1.76e+04 	  0 	 1.85e-10 	    499
    48 	     24	    24 	   56 	  1267.1109 	  0.122 	 0.0313 	 101.000 	   0 	 1.00 	 1.00 	 -184.714382 	   1.81 	 1.76e+04 	  0 	 1.63e-10 	    504
    48 	     24	    24 	   57 	  1269.1960 	  0.122 	 0.0246 	 101.000 	   0 	 1.00 	 1.00 	 -185.453633 	   1.81 	 1.75e+04 	  0 	 1.77e-10 	    511
    48 	     24	    24 	   58 	  1266.9525 	  0.122 	 0.0162 	 101.000 	   0 	 1.00 	 1.00 	 -182.967578 	   1.77 	 1.75e+04 	  0 	 1.85e-10 	    492
    48 	     24	    24 	   59 	  1393.6354 	  0.121 	 0.0300 	 101.000 	   0 	 1.00 	 1.00 	 -262.717324 	   1.94 	 1.74e+04 	  0 	 1.47e-10 	    558
    48 	     24	    24 	   60 	  1306.1814 	  0.121 	 0.0313 	 101.000 	   0 	 1.00 	 1.00 	 -195.683656 	   1.74 	 1.72e+04 	  0 	 1.21e-10 	    488
    48 	     24	    24 	   61 	  1290.7323 	  0.121 	 0.0328 	 101.000 	   0 	 1.00 	 1.00 	 -197.859244 	   1.77 	 1.72e+04 	  0 	 1.52e-10 	    480
    48 	     24	    24 	   62 	  1281.9428 	  0.121 	 0.0325 	 101.000 	   0 	 1.00 	 1.00 	 -192.439355 	   1.70 	 1.71e+04 	  0 	 1.99e-10 	    480
    48 	     24	    24 	   63 	  1280.8876 	  0.121 	 0.0337 	 101.000 	   0 	 1.00 	 1.00 	 -195.073122 	   1.69 	 1.71e+04 	  0 	 1.56e-10 	    477
    48 	     24	    24 	   64 	  1279.0342 	  0.121 	 0.0037 	 101.000 	   0 	 1.00 	 1.00 	 -186.743546 	   1.69 	 1.71e+04 	  0 	 1.51e-10 	    476
    48 	     24	    24 	   65 	  1279.6627 	  0.121 	 0.0142 	 101.000 	   0 	 1.00 	 1.00 	 -196.175013 	   1.72 	 1.71e+04 	  0 	 1.73e-10 	    478
    48 	     24	    24 	   66 	  1275.8761 	  0.121 	 0.0202 	 101.000 	   0 	 1.00 	 1.00 	 -185.351159 	   1.72 	 1.71e+04 	  0 	 1.65e-10 	    475
    48 	     24	    24 	   67 	  1277.7510 	  0.121 	 0.0229 	 101.000 	   0 	 1.00 	 1.00 	 -194.968194 	   1.72 	 1.71e+04 	  0 	 1.86e-10 	    477
    48 	     24	    24 	   68 	  1274.6682 	  0.121 	 0.0261 	 101.000 	   0 	 1.00 	 1.00 	 -184.585008 	   1.69 	 1.71e+04 	  0 	 1.46e-10 	    473
    48 	     24	    24 	   69 	  1278.7955 	  0.121 	 0.0081 	 101.000 	   0 	 1.00 	 1.00 	 -197.082722 	   1.66 	 1.7e+04 	  0 	 1.89e-10 	    468
    48 	     24	    24 	   70 	  1274.8125 	  0.121 	 0.0048 	 101.000 	   0 	 1.00 	 1.00 	 -184.195021 	   1.65 	 1.7e+04 	  0 	 1.63e-10 	    464
    48 	     24	    24 	   71 	  1274.6127 	  0.121 	 0.0026 	 101.000 	   0 	 1.00 	 1.00 	 -192.495005 	   1.65 	 1.7e+04 	  0 	 1.95e-10 	    456
    48 	     24	    24 	   72 	  1271.6409 	  0.121 	 0.0029 	 101.000 	   0 	 1.00 	 1.00 	 -183.017310 	   1.64 	 1.7e+04 	  0 	 1.98e-10 	    457
    48 	     24	    24 	   73 	  1276.7545 	  0.121 	 0.0016 	 101.000 	   0 	 1.00 	 1.00 	 -191.335948 	   1.67 	 1.7e+04 	  0 	 1.75e-10 	    465
    48 	     24	    24 	   74 	  1272.6278 	  0.121 	 0.0026 	 101.000 	   0 	 1.00 	 1.00 	 -183.980361 	   1.67 	 1.7e+04 	  0 	 1.34e-10 	    460
    48 	     24	    24 	   75 	  1273.6527 	  0.121 	 0.0020 	 101.000 	   0 	 1.00 	 1.00 	 -188.619539 	   1.66 	 1.7e+04 	  0 	 1.2e-10 	    459
    48 	     24	    24 	   76 	  1269.8357 	  0.121 	 0.0025 	 101.000 	   0 	 1.00 	 1.00 	 -184.913041 	   1.63 	 1.7e+04 	  0 	 1.35e-10 	    456
    48 	     24	    24 	   77 	  1269.5521 	  0.121 	 0.0019 	 101.000 	   0 	 1.00 	 1.00 	 -188.977066 	   1.64 	 1.69e+04 	  0 	 1.91e-10 	    455
    48 	     24	    24 	   78 	  1265.7268 	  0.121 	 0.0040 	 101.000 	   0 	 1.00 	 1.00 	 -185.205395 	   1.63 	 1.69e+04 	  0 	 1.66e-10 	    450
    48 	     24	    24 	   79 	  1267.4784 	  0.121 	 0.0038 	 101.000 	   0 	 1.00 	 1.00 	 -187.295170 	   1.62 	 1.69e+04 	  0 	 1.17e-10 	    452
    48 	     24	    24 	   80 	  1266.7476 	  0.121 	 0.0047 	 101.000 	   0 	 1.00 	 1.00 	 -185.552578 	   1.61 	 1.69e+04 	  0 	 1.94e-10 	    447
    48 	     24	    24 	   81 	  1266.0406 	  0.121 	 0.0046 	 101.000 	   0 	 1.00 	 1.00 	 -186.648884 	   1.63 	 1.69e+04 	  0 	 1.3e-10 	    447
    48 	     24	    24 	   82 	  1269.3192 	  0.121 	 0.0043 	 101.000 	   0 	 1.00 	 1.00 	 -184.255776 	   1.62 	 1.69e+04 	  0 	 1.91e-10 	    442
    48 	     24	    24 	   83 	  1264.6882 	  0.121 	 0.0027 	 101.000 	   0 	 1.00 	 1.00 	 -185.226939 	   1.61 	 1.68e+04 	  0 	 1.39e-10 	    443
    48 	     24	    24 	   84 	  1269.3910 	  0.121 	 0.0016 	 101.000 	   0 	 1.00 	 1.00 	 -185.946910 	   1.61 	 1.68e+04 	  0 	 1.75e-10 	    441
    48 	     24	    24 	   85 	  1266.5270 	  0.121 	 0.0005 	 101.000 	   0 	 1.00 	 1.00 	 -188.347643 	   1.61 	 1.68e+04 	  0 	 1.81e-10 	    441
    48 	     24	    24 	   86 	  1266.3169 	  0.121 	 0.0001 	 101.000 	   0 	 1.00 	 1.00 	 -185.957216 	   1.59 	 1.68e+04 	  0 	 1.52e-10 	    439

nelx= 	 nely= 	           nelz= 	 i= 	 c(i)= 	 volume= 	 change= 	 er= 	 penal= 	 tTOTAL= 	 tOptim= 	 tPostprocess=
    48 	     24 	     24 	   86 	 1266.31692 	  0.121 	      0.000 	 101.000 	   0 	 491.65 	 460.27 	  31.38
nelx= 	 nely= 	            nelz= 	 i= 	 c(i+1)= 	 volume_last= 	 U2 max= 	 S11 min= 	 S11 max= 	 Mises max= 
    48 	     24 	     24 	   87 	 1268.53245 	  0.121 	 -190.193161 	 -1.8076 	 1.7487 	 1.9025 
F=-15.2571 	 C(simp)=2537.0649 
tIT=459.3402 
 tEnsamblingK= 	 12.3875 
 tSolveU= 		 426.0378 
 tSensAnalisys=  0.7516 
 tSensFilter= 	 0.2261 
 tselectionMethod= 	 17.2556 
   tcrossover= 	 7.9227 
   tMutation= 	 5.2445 
TStressStrains_Last_It= 	 0.3848 
U2[mm] 	 Nodo 	 X 	 Y 	 Z 	 Sigmaxx[MPa] 	 X 	 Y 	 Z Sigmaxx[MPa] 	 X 	 Y 	 Z 	 MISSES[MPa] 	 X 	 Y 	 Z 
-190.193161 	   1201 	 48.0000 	 0.0000  	 0.0000 	 -1.8076 	 0.5000 	 0.5000 	 13.5000  	 1.7487 	 0.5000 	 23.5000 	 12.5000  	 1.9025  	 43.5000 	 6.5000 	 4.5000 
-190.179883 	   1202 	 48.0000 	 1.0000  	 0.0000 	 -1.7941 	 0.5000 	 0.5000 	 12.5000  	 1.7401 	 0.5000 	 23.5000 	 13.5000  	 1.8464  	 43.5000 	 4.5000 	 4.5000 
-190.043871 	   1203 	 48.0000 	 2.0000  	 0.0000 	 -1.7768 	 0.5000 	 0.5000 	 14.5000  	 1.7121 	 0.5000 	 23.5000 	 11.5000  	 1.7218  	 44.5000 	 3.5000 	 3.5000 
-188.609315 	   2426 	 48.0000 	 0.0000  	 1.0000 	 -1.7335 	 0.5000 	 0.5000 	 11.5000  	 1.6915 	 0.5000 	 23.5000 	 14.5000  	 1.7128  	 42.5000 	 7.5000 	 5.5000 
-188.367015 	   2427 	 48.0000 	 1.0000  	 1.0000 	 -1.7056 	 0.5000 	 0.5000 	 15.5000  	 1.6235 	 0.5000 	 23.5000 	 10.5000  	 1.6879  	 44.5000 	 4.5000 	 4.5000 
-188.154185 	   2428 	 48.0000 	 2.0000  	 1.0000 	 -1.6204 	 0.5000 	 0.5000 	 10.5000  	 1.6105 	 0.5000 	 23.5000 	 15.5000  	 1.6824  	 44.5000 	 5.5000 	 4.5000 
-186.924274 	   3651 	 48.0000 	 0.0000  	 2.0000 	 -1.5946 	 37.5000 	 0.5000 	 4.5000  	 1.5073 	 0.5000 	 23.5000 	 16.5000  	 1.5556  	 37.5000 	 0.5000 	 4.5000 
-186.310647 	   3652 	 48.0000 	 1.0000  	 2.0000 	 -1.5944 	 0.5000 	 0.5000 	 16.5000  	 1.4686 	 0.5000 	 23.5000 	 9.5000  	 1.5476  	 43.5000 	 5.5000 	 4.5000 
-185.420783 	   3653 	 48.0000 	 2.0000  	 2.0000 	 -1.5027 	 19.5000 	 0.5000 	 8.5000  	 1.4412 	 1.5000 	 23.5000 	 13.5000  	 1.5069  	 42.5000 	 6.5000 	 4.5000 
-185.363615 	   4876 	 48.0000 	 0.0000  	 3.0000 	 -1.4957 	 33.5000 	 0.5000 	 4.5000  	 1.4367 	 1.5000 	 23.5000 	 12.5000  	 1.5045  	 45.5000 	 3.5000 	 3.5000 
-184.841035 	   3654 	 48.0000 	 3.0000  	 2.0000 	 -1.4889 	 1.5000 	 0.5000 	 13.5000  	 1.4241 	 1.5000 	 23.5000 	 14.5000  	 1.4749  	 0.5000 	 0.5000 	 13.5000 
-184.526200 	   4877 	 48.0000 	 1.0000  	 3.0000 	 -1.4859 	 28.5000 	 0.5000 	 6.5000  	 1.4076 	 1.5000 	 23.5000 	 11.5000  	 1.4696  	 0.5000 	 0.5000 	 12.5000 
-183.917489 	   6101 	 48.0000 	 0.0000  	 4.0000 	 -1.4759 	 1.5000 	 0.5000 	 14.5000  	 1.3891 	 1.5000 	 23.5000 	 15.5000  	 1.4635  	 33.5000 	 0.5000 	 4.5000 
-183.418881 	   1178 	 47.0000 	 2.0000  	 0.0000 	 -1.4753 	 1.5000 	 0.5000 	 12.5000  	 1.3866 	 0.5000 	 23.5000 	 17.5000  	 1.4527  	 28.5000 	 0.5000 	 6.5000 
-183.365967 	   1177 	 47.0000 	 1.0000  	 0.0000 	 -1.4482 	 0.5000 	 0.5000 	 9.5000  	 1.3523 	 1.5000 	 23.5000 	 10.5000  	 1.4505  	 0.5000 	 0.5000 	 14.5000 
-183.308432 	   1176 	 47.0000 	 0.0000  	 0.0000 	 -1.4453 	 0.5000 	 0.5000 	 17.5000  	 1.3366 	 1.5000 	 23.5000 	 16.5000  	 1.4356  	 19.5000 	 0.5000 	 8.5000 
-183.270396 	   4878 	 48.0000 	 2.0000  	 3.0000 	 -1.4360 	 1.5000 	 0.5000 	 15.5000  	 1.2727 	 1.5000 	 23.5000 	 17.5000  	 1.4337  	 0.5000 	 0.5000 	 11.5000 
-183.063395 	   6102 	 48.0000 	 1.0000  	 4.0000 	 -1.4321 	 1.5000 	 0.5000 	 11.5000  	 1.2625 	 1.5000 	 23.5000 	 9.5000  	 1.4314  	 0.5000 	 23.5000 	 12.5000 
-182.624556 	   4879 	 48.0000 	 3.0000  	 3.0000 	 -1.4156 	 14.5000 	 0.5000 	 8.5000  	 1.2517 	 0.5000 	 23.5000 	 18.5000  	 1.4248  	 1.5000 	 0.5000 	 13.5000 
-182.272835 	   4880 	 48.0000 	 4.0000  	 3.0000 	 -1.3773 	 24.5000 	 0.5000 	 7.5000  	 1.2460 	 2.5000 	 23.5000 	 14.5000  	 1.4164  	 1.5000 	 0.5000 	 12.5000 
