/home/abenjahp/SS-PilloProject-Nvidia/A0_OptTop3DGSBESO_V4_P8 
48x24x24__10_3_0.6_0.8_3_3_0.5_17_35_16_1SoftK_S1SM2FDD2D2Sy0V2_0.02_0.12_GSBESO3D_V4_SoftK_1 
Debugging?_0_IntGauss_0_NewEnsamblingSqueme_2_NewFilterSqueme_2_FilterBoundaryCond_D 
Length(mm)=  48  	 Height=24.000000 	 Widht(mm)=24.000000  	 E(MPa)=     1 	 nu=0.300000 	 Thickness(mm)=    	 Puntual Force(N)=     1 	 Finite element=      C3D8
rmin_mm=  3 	 rmin=3.000 	 dhx=1.000 	 dhy=1.000 	 dhz=1.000 	  EVOL=1.00000000  
nelx=    48 	 nely=    24  	 nelz=    24 	 Number of elements= 27648 	 volfrac=0.120 	 er=101.000 	 rmin=     3 	 pen=  3
Chromosome Length= 10 	 Crossover method=  3 	 Pc_min=0.600000 	 Pm_min=0.800000 	 pen_pc=  3 	 pen_pm= 3 	 Recovery percentage=0.500000 
Funcion de desarrollo Prg=(89*it^2)/10000 - (17*it)/2500 - (3*it^3)/10000 + 7/2500 
nelx= 	 nely= 	 nelz= 	  It= 	    Obj= 	 Vol= 	         ch= 	         er= 	 pen= 	 Pc= 	 Pm= 	 MaxUy= 	 tITER= 	 freedofs=  
    48 	     24	    24 	    1 	   232.4849 	  0.833 	 1.0000 	 101.000 	   3 	 0.60 	 0.80 	 -31.756544 	   3.97 	 7.79e+04 	  0 	 1.4e-10 	    185
    48 	     24	    24 	    2 	   232.4851 	  0.831 	 1.0000 	 101.000 	   3 	 0.60 	 0.80 	 -31.756555 	   3.73 	 7.78e+04 	  0 	 1.87e-10 	    184
    48 	     24	    24 	    3 	   232.4868 	  0.822 	 1.0000 	 101.000 	   3 	 0.60 	 0.80 	 -31.756709 	   3.82 	 7.78e+04 	  0 	 1.6e-10 	    188
    48 	     24	    24 	    4 	   232.5381 	  0.805 	 1.0000 	 101.000 	   3 	 0.60 	 0.80 	 -31.762987 	  14.26 	 7.77e+04 	  0 	 1.96e-10 	    796
    48 	     24	    24 	    5 	   232.8842 	  0.779 	 1.0000 	 101.000 	   3 	 0.60 	 0.80 	 -31.808912 	  14.00 	 7.73e+04 	  0 	 1.69e-10 	    814
    48 	     24	    24 	    6 	   234.2461 	  0.744 	 1.0000 	 101.000 	   3 	 0.60 	 0.80 	 -31.988302 	  25.38 	 7.66e+04 	  0 	 1.78e-10 	   1538
    48 	     24	    24 	    7 	   237.6485 	  0.701 	 1.0000 	 101.000 	   3 	 0.60 	 0.80 	 -32.429664 	  23.80 	 7.49e+04 	  0 	 1.9e-10 	   1471
    48 	     24	    24 	    8 	   246.2116 	  0.652 	 1.0000 	 101.000 	   3 	 0.60 	 0.80 	 -33.535784 	  19.93 	 7.28e+04 	  0 	 1.95e-10 	   1290
    48 	     24	    24 	    9 	   262.2858 	  0.595 	 1.0000 	 101.000 	   3 	 0.60 	 0.80 	 -35.767296 	  21.13 	 6.98e+04 	  0 	 1.86e-10 	   1433
    48 	     24	    24 	   10 	   287.1432 	  0.532 	 0.0826 	 101.000 	   3 	 0.60 	 0.80 	 -39.038856 	  16.29 	 6.65e+04 	  0 	 1.98e-10 	   1168
    48 	     24	    24 	   11 	   322.3447 	  0.460 	 0.1409 	 101.000 	   3 	 0.60 	 0.80 	 -43.828720 	  19.62 	 6.26e+04 	  0 	 1.84e-10 	   1514
    48 	     24	    24 	   12 	   376.0166 	  0.390 	 0.2170 	 101.000 	   3 	 0.60 	 0.80 	 -51.501197 	  14.91 	 5.69e+04 	  0 	 1.81e-10 	   1322
    48 	     24	    24 	   13 	   437.0825 	  0.328 	 0.2976 	 101.000 	   3 	 0.60 	 0.80 	 -59.031379 	  21.45 	 5.09e+04 	  0 	 1.93e-10 	   2225
    48 	     24	    24 	   14 	   533.4548 	  0.275 	 0.3797 	 101.000 	   3 	 0.60 	 0.80 	 -71.930445 	  17.46 	 4.47e+04 	  0 	 1.69e-10 	   2029
    48 	     24	    24 	   15 	   641.6957 	  0.224 	 0.4514 	 101.000 	   3 	 0.60 	 0.80 	 -85.954829 	  15.65 	 3.92e+04 	  0 	 1.89e-10 	   2190
    48 	     24	    24 	   16 	   832.6750 	  0.195 	 0.5194 	 101.000 	   3 	 0.60 	 0.80 	 -124.619770 	  15.05 	 3.37e+04 	  0 	 1.82e-10 	   2467
    48 	     24	    24 	   17 	   877.3497 	  0.176 	 0.5503 	 101.000 	   3 	 0.60 	 0.80 	 -121.474325 	  12.31 	 2.92e+04 	  0 	 2e-10 	   2356
    48 	     24	    24 	   18 	   937.2218 	  0.167 	 0.5592 	 101.000 	   3 	 0.60 	 0.80 	 -125.571060 	  11.61 	 2.58e+04 	  0 	 1.59e-10 	   2507
    48 	     24	    24 	   19 	   954.8607 	  0.163 	 0.5391 	 101.000 	   3 	 0.60 	 0.80 	 -129.526183 	   7.61 	 2.38e+04 	  0 	 1.82e-10 	   1735
    48 	     24	    24 	   20 	   967.6750 	  0.159 	 0.4944 	 101.000 	   3 	 0.60 	 0.80 	 -130.832877 	   6.12 	 2.32e+04 	  0 	 1.95e-10 	   1409
    48 	     24	    24 	   21 	  1002.0185 	  0.157 	 0.4048 	 101.000 	   3 	 0.60 	 0.80 	 -137.459680 	   4.80 	 2.27e+04 	  0 	 1.85e-10 	   1095
    48 	     24	    24 	   22 	   999.2807 	  0.155 	 0.3166 	 101.000 	   3 	 0.60 	 0.80 	 -136.055424 	   7.27 	 2.24e+04 	  0 	 1.38e-10 	   1754
    48 	     24	    24 	   23 	  1012.4472 	  0.154 	 0.2257 	 101.000 	   3 	 0.60 	 0.80 	 -137.369322 	   4.73 	 2.21e+04 	  0 	 1.95e-10 	   1098
    48 	     24	    24 	   24 	  1015.4485 	  0.151 	 0.1507 	 101.000 	   3 	 0.60 	 0.80 	 -138.015210 	   2.65 	 2.2e+04 	  0 	 1.58e-10 	    563
    48 	     24	    24 	   25 	  1034.6012 	  0.150 	 0.0976 	 101.000 	   3 	 0.60 	 0.80 	 -140.474649 	   3.99 	 2.18e+04 	  0 	 1.82e-10 	    929
    48 	     24	    24 	   26 	  1046.3499 	  0.148 	 0.0722 	 101.000 	   3 	 0.60 	 0.80 	 -142.339862 	   3.90 	 2.15e+04 	  0 	 1.71e-10 	    920
    48 	     24	    24 	   27 	  1056.4128 	  0.148 	 0.0589 	 101.000 	   3 	 0.60 	 0.80 	 -144.197317 	   2.22 	 2.13e+04 	  0 	 1.9e-10 	    469
    48 	     24	    24 	   28 	  1060.8832 	  0.146 	 0.0532 	 101.000 	   3 	 0.60 	 0.80 	 -145.352335 	   2.23 	 2.12e+04 	  0 	 1.86e-10 	    471
    48 	     24	    24 	   29 	  1075.2151 	  0.144 	 0.0524 	 101.000 	   3 	 0.60 	 0.80 	 -146.826801 	   2.23 	 2.1e+04 	  0 	 1.61e-10 	    478
    48 	     24	    24 	   30 	  1083.2031 	  0.142 	 0.0485 	 101.000 	   3 	 0.60 	 0.80 	 -148.466073 	   2.80 	 2.07e+04 	  0 	 1.91e-10 	    638
    48 	     24	    24 	   31 	  1100.8288 	  0.141 	 0.0499 	 101.000 	   3 	 0.60 	 0.80 	 -151.683845 	   2.21 	 2.04e+04 	  0 	 1.59e-10 	    484
    48 	     24	    24 	   32 	  1106.3070 	  0.140 	 0.0481 	 101.000 	   3 	 0.60 	 0.80 	 -151.964476 	   2.34 	 2.03e+04 	  0 	 1.79e-10 	    517
    48 	     24	    24 	   33 	  1114.2508 	  0.139 	 0.0486 	 101.000 	   3 	 0.60 	 0.80 	 -153.339331 	   2.16 	 2.01e+04 	  0 	 1.94e-10 	    481
    48 	     24	    24 	   34 	  1134.1095 	  0.138 	 0.0479 	 101.000 	   3 	 0.60 	 0.80 	 -156.822245 	   2.51 	 1.98e+04 	  0 	 1.64e-10 	    580
    48 	     24	    24 	   35 	  1136.8898 	  0.137 	 0.0483 	 101.000 	   3 	 0.60 	 0.80 	 -158.097767 	   2.11 	 1.95e+04 	  0 	 1.68e-10 	    481
    48 	     24	    24 	   36 	  1133.4196 	  0.136 	 0.0442 	 101.000 	   3 	 0.60 	 0.80 	 -156.966742 	   2.27 	 1.94e+04 	  0 	 1.63e-10 	    500
    48 	     24	    24 	   37 	  1160.5755 	  0.135 	 0.0445 	 101.000 	   3 	 0.60 	 0.80 	 -165.343653 	   4.44 	 1.92e+04 	  0 	 1.65e-10 	   1171
    48 	     24	    24 	   38 	  1141.9324 	  0.134 	 0.0398 	 101.000 	   3 	 0.60 	 0.80 	 -156.570774 	   5.87 	 1.92e+04 	  0 	 1.65e-10 	   1591
    48 	     24	    24 	   39 	  1148.0350 	  0.134 	 0.0318 	 101.000 	   3 	 0.60 	 0.80 	 -156.843746 	   3.98 	 1.89e+04 	  0 	 1.87e-10 	   1074
    48 	     24	    24 	   40 	  1150.2892 	  0.132 	 0.0247 	 101.000 	   3 	 0.60 	 0.80 	 -157.613297 	   2.03 	 1.88e+04 	  0 	 1.32e-10 	    471
    48 	     24	    24 	   41 	  1159.9255 	  0.132 	 0.0236 	 101.000 	   3 	 0.60 	 0.80 	 -159.765115 	   2.00 	 1.86e+04 	  0 	 9.85e-11 	    471
    48 	     24	    24 	   42 	  1166.2391 	  0.130 	 0.0151 	 101.000 	   3 	 0.61 	 0.80 	 -161.476498 	   2.04 	 1.85e+04 	  0 	 1.92e-10 	    471
    48 	     24	    24 	   43 	  1179.2362 	  0.130 	 0.0167 	 101.000 	   3 	 0.62 	 0.81 	 -162.706153 	   2.00 	 1.83e+04 	  0 	 1.51e-10 	    474
    48 	     24	    24 	   44 	  1182.3862 	  0.128 	 0.0201 	 101.000 	   3 	 0.63 	 0.82 	 -162.922827 	   1.97 	 1.82e+04 	  0 	 1.31e-10 	    471
    48 	     24	    24 	   45 	  1190.4843 	  0.128 	 0.0245 	 101.000 	   3 	 0.66 	 0.83 	 -163.496037 	   1.97 	 1.8e+04 	  0 	 1.66e-10 	    472
    48 	     24	    24 	   46 	  1193.3045 	  0.126 	 0.0255 	 101.000 	   3 	 0.69 	 0.84 	 -163.275079 	   1.98 	 1.8e+04 	  0 	 1.5e-10 	    466
    48 	     24	    24 	   47 	  1210.7291 	  0.126 	 0.0319 	 101.000 	   3 	 0.73 	 0.86 	 -165.569203 	   1.92 	 1.78e+04 	  0 	 1.49e-10 	    469
    48 	     24	    24 	   48 	  1214.0268 	  0.124 	 0.0312 	 101.000 	   3 	 0.78 	 0.89 	 -167.666811 	   1.91 	 1.77e+04 	  0 	 1.75e-10 	    468
    48 	     24	    24 	   49 	  1230.8886 	  0.124 	 0.0333 	 101.000 	   3 	 0.83 	 0.91 	 -168.459338 	   1.92 	 1.75e+04 	  0 	 1.99e-10 	    471
    48 	     24	    24 	   50 	  1238.2512 	  0.122 	 0.0343 	 101.000 	   3 	 0.88 	 0.94 	 -169.608801 	   1.89 	 1.74e+04 	  0 	 1.17e-10 	    470
    48 	     24	    24 	   51 	  1252.7726 	  0.122 	 0.0382 	 101.000 	   3 	 0.94 	 0.97 	 -172.203629 	   1.90 	 1.72e+04 	  0 	 1.45e-10 	    469
    48 	     24	    24 	   52 	  1260.7296 	  0.122 	 0.0388 	 101.000 	   3 	 0.98 	 0.99 	 -173.029073 	   1.85 	 1.71e+04 	  0 	 1.32e-10 	    466
    48 	     24	    24 	   53 	  1259.8706 	  0.121 	 0.0403 	 101.000 	   3 	 1.00 	 1.00 	 -173.056419 	   1.87 	 1.71e+04 	  0 	 1.05e-10 	    464
    48 	     24	    24 	   54 	  1262.0889 	  0.121 	 0.0373 	 101.000 	   3 	 1.00 	 1.00 	 -173.155664 	   1.79 	 1.7e+04 	  0 	 1.36e-10 	    457
    48 	     24	    24 	   55 	  1259.1101 	  0.121 	 0.0329 	 101.000 	   3 	 1.00 	 1.00 	 -174.601281 	   1.83 	 1.7e+04 	  0 	 1.18e-10 	    462
    48 	     24	    24 	   56 	  1260.1613 	  0.121 	 0.0246 	 101.000 	   3 	 1.00 	 1.00 	 -173.148281 	   1.82 	 1.7e+04 	  0 	 1.36e-10 	    461
    48 	     24	    24 	   57 	  1259.8331 	  0.121 	 0.0166 	 101.000 	   3 	 1.00 	 1.00 	 -173.332313 	   1.83 	 1.7e+04 	  0 	 1.64e-10 	    459
    48 	     24	    24 	   58 	  1260.5848 	  0.121 	 0.0094 	 101.000 	   3 	 1.00 	 1.00 	 -173.221178 	   1.88 	 1.69e+04 	  0 	 1.67e-10 	    458
    48 	     24	    24 	   59 	  1260.2011 	  0.121 	 0.0042 	 101.000 	   3 	 1.00 	 1.00 	 -173.130656 	   1.83 	 1.69e+04 	  0 	 1.55e-10 	    456
    48 	     24	    24 	   60 	  1260.4188 	  0.121 	 0.0011 	 101.000 	   3 	 1.00 	 1.00 	 -174.085332 	   1.82 	 1.69e+04 	  0 	 1.96e-10 	    454
    48 	     24	    24 	   61 	  1256.8343 	  0.121 	 0.0006 	 101.000 	   3 	 1.00 	 1.00 	 -172.811528 	   1.82 	 1.69e+04 	  0 	 1.86e-10 	    452

nelx= 	 nely= 	           nelz= 	 i= 	 c(i)= 	 volume= 	 change= 	 er= 	 penal= 	 tTOTAL= 	 tOptim= 	 tPostprocess=
    48 	     24 	     24 	   61 	 1256.83428 	  0.121 	      0.001 	 101.000 	   3 	 426.61 	 395.58 	  31.03
nelx= 	 nely= 	            nelz= 	 i= 	 c(i+1)= 	 volume_last= 	 U2 max= 	 S11 min= 	 S11 max= 	 Mises max= 
    48 	     24 	     24 	   62 	 1256.32139 	  0.121 	 -172.557870 	 -1.7272 	 1.7526 	 1.4254 
F=-15.2571 	 C(simp)=2512.6428 
tIT=394.6459 
 tEnsamblingK= 	 11.3916 
 tSolveU= 		 366.5715 
 tSensAnalisys=  0.6526 
 tSensFilter= 	 0.1974 
 tselectionMethod= 	 13.2049 
   tcrossover= 	 6.0299 
   tMutation= 	 3.9434 
TStressStrains_Last_It= 	 0.4750 
U2[mm] 	 Nodo 	 X 	 Y 	 Z 	 Sigmaxx[MPa] 	 X 	 Y 	 Z Sigmaxx[MPa] 	 X 	 Y 	 Z 	 MISSES[MPa] 	 X 	 Y 	 Z 
-172.557870 	  15901 	 48.0000 	 0.0000  	 12.0000 	 -1.7272 	 0.5000 	 0.5000 	 11.5000  	 1.7526 	 0.5000 	 23.5000 	 12.5000  	 1.4254  	 0.5000 	 0.5000 	 11.5000 
-172.187065 	  17126 	 48.0000 	 0.0000  	 13.0000 	 -1.7180 	 0.5000 	 0.5000 	 10.5000  	 1.7417 	 0.5000 	 23.5000 	 11.5000  	 1.4188  	 0.5000 	 23.5000 	 12.5000 
-172.164210 	  15902 	 48.0000 	 1.0000  	 12.0000 	 -1.6959 	 0.5000 	 0.5000 	 12.5000  	 1.7206 	 0.5000 	 23.5000 	 13.5000  	 1.4132  	 0.5000 	 23.5000 	 11.5000 
-171.780492 	  17127 	 48.0000 	 1.0000  	 13.0000 	 -1.6676 	 0.5000 	 0.5000 	 9.5000  	 1.6877 	 0.5000 	 23.5000 	 10.5000  	 1.4106  	 0.5000 	 0.5000 	 12.5000 
-171.359860 	  15903 	 48.0000 	 2.0000  	 12.0000 	 -1.6241 	 0.5000 	 0.5000 	 13.5000  	 1.6471 	 0.5000 	 23.5000 	 14.5000  	 1.4090  	 0.5000 	 0.5000 	 10.5000 
-171.248642 	  14676 	 48.0000 	 0.0000  	 11.0000 	 -1.5764 	 0.5000 	 0.5000 	 8.5000  	 1.5901 	 0.5000 	 23.5000 	 9.5000  	 1.3952  	 1.5000 	 23.5000 	 12.5000 
-171.006387 	  17128 	 48.0000 	 2.0000  	 13.0000 	 -1.5139 	 0.5000 	 0.5000 	 14.5000  	 1.5391 	 0.5000 	 23.5000 	 15.5000  	 1.3917  	 0.5000 	 23.5000 	 13.5000 
-170.894968 	  15904 	 48.0000 	 3.0000  	 12.0000 	 -1.4512 	 0.5000 	 0.5000 	 7.5000  	 1.4564 	 1.5000 	 23.5000 	 12.5000  	 1.3899  	 1.5000 	 23.5000 	 11.5000 
-170.837422 	  14677 	 48.0000 	 1.0000  	 11.0000 	 -1.3812 	 0.5000 	 0.5000 	 20.5000  	 1.4515 	 0.5000 	 23.5000 	 8.5000  	 1.3811  	 1.5000 	 23.5000 	 13.5000 
-170.540719 	  17129 	 48.0000 	 3.0000  	 13.0000 	 -1.3770 	 0.5000 	 0.5000 	 15.5000  	 1.4486 	 1.5000 	 23.5000 	 11.5000  	 1.3756  	 0.5000 	 23.5000 	 10.5000 
-170.292700 	  18351 	 48.0000 	 0.0000  	 14.0000 	 -1.3705 	 1.5000 	 0.5000 	 10.5000  	 1.4404 	 1.5000 	 23.5000 	 13.5000  	 1.3656  	 1.5000 	 23.5000 	 10.5000 
-170.263431 	   1202 	 48.0000 	 1.0000  	 0.0000 	 -1.3602 	 1.5000 	 0.5000 	 11.5000  	 1.4170 	 1.5000 	 23.5000 	 10.5000  	 1.3631  	 0.5000 	 0.5000 	 9.5000 
-170.261937 	   1201 	 48.0000 	 0.0000  	 0.0000 	 -1.3573 	 1.5000 	 0.5000 	 9.5000  	 1.4039 	 0.5000 	 23.5000 	 16.5000  	 1.3627  	 0.5000 	 0.5000 	 13.5000 
-170.124140 	   1203 	 48.0000 	 2.0000  	 0.0000 	 -1.3234 	 1.5000 	 0.5000 	 12.5000  	 1.4029 	 1.5000 	 23.5000 	 14.5000  	 1.3495  	 1.5000 	 23.5000 	 14.5000 
-169.989644 	  14678 	 48.0000 	 2.0000  	 11.0000 	 -1.3217 	 1.5000 	 0.5000 	 8.5000  	 1.3615 	 1.5000 	 23.5000 	 9.5000  	 1.3359  	 0.5000 	 23.5000 	 14.5000 
-169.851023 	  18352 	 48.0000 	 1.0000  	 14.0000 	 -1.2897 	 0.5000 	 0.5000 	 6.5000  	 1.3416 	 1.5000 	 23.5000 	 15.5000  	 1.3249  	 1.5000 	 23.5000 	 9.5000 
-169.746323 	  30601 	 48.0000 	 0.0000  	 24.0000 	 -1.2605 	 34.5000 	 0.5000 	 5.5000  	 1.2822 	 0.5000 	 23.5000 	 7.5000  	 1.3227  	 1.5000 	 0.5000 	 10.5000 
-169.653773 	  30602 	 48.0000 	 1.0000  	 24.0000 	 -1.2595 	 1.5000 	 0.5000 	 7.5000  	 1.2821 	 1.5000 	 23.5000 	 8.5000  	 1.3164  	 1.5000 	 0.5000 	 11.5000 
-169.637130 	  30603 	 48.0000 	 2.0000  	 24.0000 	 -1.2591 	 1.5000 	 0.5000 	 13.5000  	 1.2553 	 1.5000 	 23.5000 	 16.5000  	 1.3106  	 0.5000 	 23.5000 	 9.5000 
-169.612917 	  14679 	 48.0000 	 3.0000  	 11.0000 	 -1.2575 	 14.5000 	 0.5000 	 8.5000  	 1.2423 	 2.5000 	 23.5000 	 12.5000  	 1.3092  	 1.5000 	 0.5000 	 9.5000 
