/home/abenjahp/SS-PilloProject-Nvidia/A0_OptTop3DGSBESO_V4 
120x40x30__10_3_0.6_0.8_3_3_0.5_17_35_16_1SoftK_S1SM2FDD2D2Sy0V0_0.03_0.15_GSBESO3D_V4_SoftK_1 
Debugging?_0_IntGauss_0_NewEnsamblingSqueme_2_NewFilterSqueme_2_FilterBoundaryCond_D 
Length(mm)= 120  	 Height=40.000000 	 Widht(mm)=30.000000  	 E(MPa)=     1 	 nu=0.300000 	 Thickness(mm)=    	 Puntual Force(N)=     1 	 Finite element=      C3D8
rmin_mm=  3 	 rmin=3.000 	 dhx=1.000 	 dhy=1.000 	 dhz=1.000 	  EVOL=1.00000000  
nelx=   120 	 nely=    40  	 nelz=    30 	 Number of elements=144000 	 volfrac=0.150 	 er=101.000 	 rmin=     3 	 pen=  3
DistributeP?= 2 	 TimesDhx=3.000 	 Qtynnd=47 	 ForceD=0.02128 	 FT=1.000 	 QtyElem= 47 
Chromosome Length= 10 	 Crossover method=  3 	 Pc_min=0.600000 	 Pm_min=0.800000 	 pen_pc=  3 	 pen_pm= 3 	 Recovery percentage=0.500000 
Funcion de desarrollo Prg=(89*it^2)/10000 - (17*it)/2500 - (3*it^3)/10000 + 7/2500 
nelx= 	 nely= 	 nelz= 	  It= 	    Obj= 	 Vol= 	         ch= 	         er= 	 pen= 	 Pc= 	 Pm= 	 MaxUy= 	 tITER= 	 freedofs=  	 flag=  	 Residual=  	 No.Iter.Req= 
/home/abenjahp/SS-PilloProject-Nvidia/A0_OptTop3DGSBESO_V4 
120x40x30__10_3_0.6_0.8_3_3_0.5_17_35_16_1SoftK_S1SM2FDD2D2Sy0V0_0.03_0.15_GSBESO3D_V4_SoftK_1 
Debugging?_0_IntGauss_0_NewEnsamblingSqueme_2_NewFilterSqueme_2_FilterBoundaryCond_D 
Length(mm)= 120  	 Height=40.000000 	 Widht(mm)=30.000000  	 E(MPa)=     1 	 nu=0.300000 	 Thickness(mm)=    	 Puntual Force(N)=     1 	 Finite element=      C3D8
rmin_mm=  3 	 rmin=3.000 	 dhx=1.000 	 dhy=1.000 	 dhz=1.000 	  EVOL=1.00000000  
nelx=   120 	 nely=    40  	 nelz=    30 	 Number of elements=144000 	 volfrac=0.150 	 er=101.000 	 rmin=     3 	 pen=  3
DistributeP?= 2 	 TimesDhx=3.000 	 Qtynnd=47 	 ForceD=0.02128 	 FT=1.000 	 QtyElem= 47 
Chromosome Length= 10 	 Crossover method=  3 	 Pc_min=0.600000 	 Pm_min=0.800000 	 pen_pc=  3 	 pen_pm= 3 	 Recovery percentage=0.500000 
Funcion de desarrollo Prg=(89*it^2)/10000 - (17*it)/2500 - (3*it^3)/10000 + 7/2500 
nelx= 	 nely= 	 nelz= 	  It= 	    Obj= 	 Vol= 	         ch= 	         er= 	 pen= 	 Pc= 	 Pm= 	 MaxUy= 	 tITER= 	 freedofs=  	 flag=  	 Residual=  	 No.Iter.Req= 
   120 	     40	    30 	    1 	     2.0345 	  1.000 	 1.0000 	 101.000 	   3 	 0.60 	 0.80 	 -4.262944 	  38.79 	 4.58e+05 	  0 	 1.19e-11 	    345
   120 	     40	    30 	    2 	     2.0345 	  0.997 	 1.0000 	 101.000 	   3 	 0.60 	 0.80 	 -4.262945 	  37.95 	 4.58e+05 	  0 	 1.38e-11 	    344
   120 	     40	    30 	    3 	     2.0345 	  0.986 	 1.0000 	 101.000 	   3 	 0.60 	 0.80 	 -4.263027 	  39.37 	 4.57e+05 	  0 	 1.38e-11 	    358
   120 	     40	    30 	    4 	     2.0352 	  0.967 	 1.0000 	 101.000 	   3 	 0.60 	 0.80 	 -4.264345 	 202.57 	 4.57e+05 	  0 	 1.38e-11 	   1997
   120 	     40	    30 	    5 	     2.0393 	  0.937 	 1.0000 	 101.000 	   3 	 0.60 	 0.80 	 -4.272692 	 399.74 	 4.55e+05 	  3 	 2.26e-11 	   4009
   120 	     40	    30 	    6 	     2.0552 	  0.897 	 1.0000 	 101.000 	   3 	 0.60 	 0.80 	 -4.304776 	 493.33 	 4.51e+05 	  3 	 2.3e-11 	   5091
   120 	     40	    30 	    7 	     2.0918 	  0.850 	 1.0000 	 101.000 	   3 	 0.60 	 0.80 	 -4.377441 	 559.25 	 4.43e+05 	  3 	 2.5e-11 	   5935
   120 	     40	    30 	    8 	     2.1422 	  0.786 	 1.0000 	 101.000 	   3 	 0.60 	 0.80 	 -4.478654 	 400.55 	 4.34e+05 	  3 	 2.22e-11 	   4286
   120 	     40	    30 	    9 	     2.2755 	  0.712 	 1.0000 	 101.000 	   3 	 0.60 	 0.80 	 -4.746596 	 339.41 	 4.2e+05 	  3 	 2.18e-11 	   3733
   120 	     40	    30 	   10 	     2.4109 	  0.627 	 0.0727 	 101.000 	   3 	 0.60 	 0.80 	 -5.020583 	 470.03 	 4e+05 	  3 	 2.48e-11 	   5623
   120 	     40	    30 	   11 	     2.6591 	  0.544 	 0.1193 	 101.000 	   3 	 0.60 	 0.80 	 -5.519550 	 471.84 	 3.71e+05 	  3 	 1.47e-11 	   6149
   120 	     40	    30 	   12 	     2.9738 	  0.467 	 0.1770 	 101.000 	   3 	 0.60 	 0.80 	 -6.151681 	 474.03 	 3.31e+05 	  3 	 1.66e-11 	   6986
   120 	     40	    30 	   13 	     3.3220 	  0.398 	 0.2403 	 101.000 	   3 	 0.60 	 0.80 	 -6.852574 	 413.27 	 2.91e+05 	  3 	 1.74e-11 	   7092
   120 	     40	    30 	   14 	     3.7466 	  0.334 	 0.2983 	 101.000 	   3 	 0.60 	 0.80 	 -7.713893 	 308.94 	 2.53e+05 	  3 	 2.43e-11 	   5951
   120 	     40	    30 	   15 	     4.3422 	  0.279 	 0.3560 	 101.000 	   3 	 0.60 	 0.80 	 -8.916554 	 270.52 	 2.18e+05 	  3 	 1.97e-11 	   6310
   120 	     40	    30 	   16 	     5.1982 	  0.242 	 0.4087 	 101.000 	   3 	 0.60 	 0.80 	 -10.636716 	 232.18 	 1.87e+05 	  3 	 2.61e-11 	   6386
   120 	     40	    30 	   17 	     5.7413 	  0.223 	 0.4424 	 101.000 	   3 	 0.60 	 0.80 	 -11.725839 	 208.87 	 1.62e+05 	  3 	 2.19e-11 	   6680
   120 	     40	    30 	   18 	     5.9946 	  0.214 	 0.4548 	 101.000 	   3 	 0.60 	 0.80 	 -12.236802 	 176.39 	 1.46e+05 	  3 	 2.26e-11 	   6255
   120 	     40	    30 	   19 	     6.1212 	  0.209 	 0.4484 	 101.000 	   3 	 0.60 	 0.80 	 -12.492347 	 152.66 	 1.37e+05 	  3 	 1.94e-11 	   5778
   120 	     40	    30 	   20 	     6.2223 	  0.204 	 0.4179 	 101.000 	   3 	 0.60 	 0.80 	 -12.693552 	 134.31 	 1.34e+05 	  3 	 2.38e-11 	   4856
   120 	     40	    30 	   21 	     6.3301 	  0.202 	 0.3560 	 101.000 	   3 	 0.60 	 0.80 	 -12.911649 	 137.48 	 1.31e+05 	  3 	 1.78e-11 	   5344
   120 	     40	    30 	   22 	     6.3886 	  0.198 	 0.2803 	 101.000 	   3 	 0.60 	 0.80 	 -13.036755 	  74.93 	 1.3e+05 	  3 	 1.71e-11 	   2882
   120 	     40	    30 	   23 	     6.4973 	  0.195 	 0.2071 	 101.000 	   3 	 0.60 	 0.80 	 -13.257024 	  79.46 	 1.28e+05 	  3 	 1.47e-11 	   3111
   120 	     40	    30 	   24 	     6.6117 	  0.192 	 0.1452 	 101.000 	   3 	 0.60 	 0.80 	 -13.489681 	  71.71 	 1.27e+05 	  3 	 1.78e-11 	   2888
   120 	     40	    30 	   25 	     6.7025 	  0.190 	 0.1000 	 101.000 	   3 	 0.60 	 0.80 	 -13.675703 	  75.90 	 1.26e+05 	  3 	 1.79e-11 	   2921
   120 	     40	    30 	   26 	     6.7948 	  0.187 	 0.0784 	 101.000 	   3 	 0.60 	 0.80 	 -13.860825 	  34.23 	 1.25e+05 	  3 	 2.53e-11 	   1252
   120 	     40	    30 	   27 	     6.9339 	  0.185 	 0.0740 	 101.000 	   3 	 0.60 	 0.80 	 -14.135243 	  41.63 	 1.23e+05 	  3 	 2.78e-11 	   1597
   120 	     40	    30 	   28 	     6.9832 	  0.182 	 0.0725 	 101.000 	   3 	 0.60 	 0.80 	 -14.243287 	  92.41 	 1.22e+05 	  3 	 1.87e-11 	   3755
   120 	     40	    30 	   29 	     7.0799 	  0.180 	 0.0709 	 101.000 	   3 	 0.60 	 0.80 	 -14.434662 	 109.43 	 1.2e+05 	  3 	 2.86e-11 	   4525
   120 	     40	    30 	   30 	     7.1549 	  0.177 	 0.0691 	 101.000 	   3 	 0.60 	 0.80 	 -14.582741 	  82.29 	 1.19e+05 	  3 	 2.02e-11 	   3398
   120 	     40	    30 	   31 	     7.2658 	  0.176 	 0.0684 	 101.000 	   3 	 0.60 	 0.80 	 -14.796580 	  72.03 	 1.17e+05 	  3 	 2.62e-11 	   2891
   120 	     40	    30 	   32 	     7.2750 	  0.174 	 0.0620 	 101.000 	   3 	 0.60 	 0.80 	 -14.825008 	  52.61 	 1.16e+05 	  3 	 2.53e-11 	   2170
   120 	     40	    30 	   33 	     7.3620 	  0.172 	 0.0584 	 101.000 	   3 	 0.60 	 0.80 	 -14.996528 	  47.20 	 1.15e+05 	  0 	 1.4e-11 	   1917
   120 	     40	    30 	   34 	     7.4155 	  0.170 	 0.0543 	 101.000 	   3 	 0.60 	 0.80 	 -15.108443 	  75.31 	 1.14e+05 	  3 	 2.09e-11 	   3253
   120 	     40	    30 	   35 	     7.4858 	  0.169 	 0.0505 	 101.000 	   3 	 0.60 	 0.80 	 -15.253273 	  81.43 	 1.13e+05 	  3 	 2.22e-11 	   3603
   120 	     40	    30 	   36 	     7.6007 	  0.168 	 0.0463 	 101.000 	   3 	 0.60 	 0.80 	 -15.485654 	  90.35 	 1.12e+05 	  3 	 1.6e-11 	   3987
   120 	     40	    30 	   37 	     7.5921 	  0.167 	 0.0453 	 101.000 	   3 	 0.60 	 0.80 	 -15.468353 	  86.74 	 1.11e+05 	  0 	 1.45e-11 	   3766
   120 	     40	    30 	   38 	     7.6119 	  0.165 	 0.0416 	 101.000 	   3 	 0.60 	 0.80 	 -15.509294 	  95.75 	 1.09e+05 	  3 	 1.9e-11 	   4330
   120 	     40	    30 	   39 	     7.6657 	  0.164 	 0.0391 	 101.000 	   3 	 0.60 	 0.80 	 -15.621683 	  68.16 	 1.08e+05 	  3 	 2.16e-11 	   2925
   120 	     40	    30 	   40 	     7.6919 	  0.163 	 0.0356 	 101.000 	   3 	 0.60 	 0.80 	 -15.674188 	  34.99 	 1.07e+05 	  3 	 2.67e-11 	   1503
   120 	     40	    30 	   41 	     7.7422 	  0.162 	 0.0304 	 101.000 	   3 	 0.60 	 0.80 	 -15.775842 	  34.59 	 1.07e+05 	  3 	 1.74e-11 	   1467
   120 	     40	    30 	   42 	     7.7742 	  0.161 	 0.0268 	 101.000 	   3 	 0.61 	 0.80 	 -15.841695 	  41.78 	 1.06e+05 	  0 	 1.3e-11 	   1890
   120 	     40	    30 	   43 	     7.8239 	  0.160 	 0.0256 	 101.000 	   3 	 0.62 	 0.81 	 -15.940728 	  51.04 	 1.05e+05 	  3 	 2.38e-11 	   2213
   120 	     40	    30 	   44 	     7.8489 	  0.159 	 0.0238 	 101.000 	   3 	 0.63 	 0.82 	 -15.993682 	  47.85 	 1.05e+05 	  3 	 2.24e-11 	   2181
   120 	     40	    30 	   45 	     7.9200 	  0.158 	 0.0242 	 101.000 	   3 	 0.66 	 0.83 	 -16.136315 	  50.74 	 1.04e+05 	  3 	 2.68e-11 	   2199
   120 	     40	    30 	   46 	     7.9600 	  0.156 	 0.0260 	 101.000 	   3 	 0.69 	 0.84 	 -16.216875 	  46.84 	 1.03e+05 	  3 	 1.64e-11 	   2200
   120 	     40	    30 	   47 	     8.0303 	  0.155 	 0.0277 	 101.000 	   3 	 0.73 	 0.86 	 -16.358189 	  37.05 	 1.02e+05 	  3 	 1.52e-11 	   1643
   120 	     40	    30 	   48 	     8.0557 	  0.154 	 0.0281 	 101.000 	   3 	 0.78 	 0.89 	 -16.410753 	  34.50 	 1.01e+05 	  0 	 1.44e-11 	   1637
   120 	     40	    30 	   49 	     8.1212 	  0.153 	 0.0301 	 101.000 	   3 	 0.83 	 0.91 	 -16.542912 	  37.00 	 1.01e+05 	  3 	 1.9e-11 	   1702
   120 	     40	    30 	   50 	     8.1522 	  0.152 	 0.0300 	 101.000 	   3 	 0.88 	 0.94 	 -16.607119 	  39.61 	 1e+05 	  3 	 1.69e-11 	   1783
   120 	     40	    30 	   51 	     8.2467 	  0.151 	 0.0315 	 101.000 	   3 	 0.94 	 0.97 	 -16.798332 	  33.98 	 9.91e+04 	  3 	 2.04e-11 	   1621
   120 	     40	    30 	   52 	     8.2756 	  0.151 	 0.0310 	 101.000 	   3 	 0.98 	 0.99 	 -16.856534 	  33.96 	 9.87e+04 	  3 	 1.92e-11 	   1633
   120 	     40	    30 	   53 	     8.2986 	  0.151 	 0.0311 	 101.000 	   3 	 1.00 	 1.00 	 -16.906158 	  50.17 	 9.85e+04 	  3 	 1.94e-11 	   2534
   120 	     40	    30 	   54 	     8.3149 	  0.151 	 0.0291 	 101.000 	   3 	 1.00 	 1.00 	 -16.936302 	  45.79 	 9.83e+04 	  3 	 2.16e-11 	   2135
   120 	     40	    30 	   55 	     8.2917 	  0.151 	 0.0267 	 101.000 	   3 	 1.00 	 1.00 	 -16.895445 	  32.89 	 9.8e+04 	  3 	 2.65e-11 	   1587
   120 	     40	    30 	   56 	     8.2872 	  0.151 	 0.0208 	 101.000 	   3 	 1.00 	 1.00 	 -16.882324 	  33.03 	 9.79e+04 	  3 	 1.88e-11 	   1513
   120 	     40	    30 	   57 	     8.2936 	  0.151 	 0.0153 	 101.000 	   3 	 1.00 	 1.00 	 -16.901302 	  34.12 	 9.78e+04 	  3 	 1.49e-11 	   1533
   120 	     40	    30 	   58 	     8.2822 	  0.151 	 0.0090 	 101.000 	   3 	 1.00 	 1.00 	 -16.876014 	  32.20 	 9.79e+04 	  3 	 2.14e-11 	   1518
   120 	     40	    30 	   59 	     8.2948 	  0.151 	 0.0039 	 101.000 	   3 	 1.00 	 1.00 	 -16.903053 	  33.73 	 9.78e+04 	  0 	 1.3e-11 	   1566
   120 	     40	    30 	   60 	     8.2831 	  0.151 	 0.0003 	 101.000 	   3 	 1.00 	 1.00 	 -16.876635 	  33.42 	 9.78e+04 	  3 	 1.55e-11 	   1531

nelx= 	 nely= 	           nelz= 	 i= 	 c(i)= 	 volume= 	 change= 	 er= 	 penal= 	 tTOTAL= 	 tOptim= 	 tPostprocess=
   120 	     40 	     30 	   60 	 8.28313 	  0.151 	      0.000 	 101.000 	   3 	 8446.01 	 8123.64 	 322.37
nelx= 	 nely= 	            nelz= 	 i= 	 c(i+1)= 	 volume_last= 	 U2 max= 	 S11 min= 	 S11 max= 	 Mises max= 
   120 	     40 	     30 	   61 	 8.28719 	  0.150 	 -16.887348 	 -0.0847 	 0.0881 	 0.0740 
F=-1.0000 	 C(simp)=16.5744 
tIT=8112.3424 
 tEnsamblingK= 	 60.4523 
 tSolveU= 		 7929.0191 
 tSensAnalisys=  3.1279 
 tSensFilter= 	 0.7898 
 tselectionMethod= 	 83.7978 
   tcrossover= 	 41.5513 
   tMutation= 	 25.6925 
TStressStrains_Last_It= 	 1.9118 
U2[mm] 	 Nodo 	 X 	 Y 	 Z 	 Sigmaxx[MPa] 	 X 	 Y 	 Z Sigmaxx[MPa] 	 X 	 Y 	 Z 	 MISSES[MPa] 	 X 	 Y 	 Z 
-16.887348 	  79336 	 120.0000 	 0.0000  	 15.0000 	 -0.0847 	 0.5000 	 0.5000 	 29.5000  	 0.0881 	 0.5000 	 39.5000 	 29.5000  	 0.0740  	 0.5000 	 39.5000 	 29.5000 
-16.884028 	  74375 	 120.0000 	 0.0000  	 14.0000 	 -0.0831 	 0.5000 	 0.5000 	 0.5000  	 0.0854 	 0.5000 	 39.5000 	 0.5000  	 0.0717  	 0.5000 	 39.5000 	 0.5000 
-16.863686 	  84297 	 120.0000 	 0.0000  	 16.0000 	 -0.0758 	 0.5000 	 0.5000 	 28.5000  	 0.0792 	 0.5000 	 39.5000 	 28.5000  	 0.0714  	 56.5000 	 29.5000 	 27.5000 
-16.851798 	  79337 	 120.0000 	 1.0000  	 15.0000 	 -0.0746 	 0.5000 	 0.5000 	 1.5000  	 0.0766 	 0.5000 	 39.5000 	 1.5000  	 0.0711  	 0.5000 	 0.5000 	 29.5000 
-16.848057 	  74376 	 120.0000 	 1.0000  	 14.0000 	 -0.0726 	 0.5000 	 0.5000 	 27.5000  	 0.0765 	 0.5000 	 39.5000 	 27.5000  	 0.0704  	 54.5000 	 26.5000 	 28.5000 
-16.844594 	  69414 	 120.0000 	 0.0000  	 13.0000 	 -0.0712 	 0.5000 	 0.5000 	 2.5000  	 0.0740 	 0.5000 	 39.5000 	 2.5000  	 0.0703  	 0.5000 	 0.5000 	 0.5000 
-16.827700 	  84298 	 120.0000 	 1.0000  	 16.0000 	 -0.0692 	 0.5000 	 0.5000 	 26.5000  	 0.0735 	 0.5000 	 39.5000 	 26.5000  	 0.0689  	 1.5000 	 39.5000 	 29.5000 
-16.815910 	  69415 	 120.0000 	 1.0000  	 13.0000 	 -0.0676 	 0.5000 	 0.5000 	 3.5000  	 0.0712 	 0.5000 	 39.5000 	 3.5000  	 0.0670  	 1.5000 	 39.5000 	 0.5000 
-16.804121 	  89258 	 120.0000 	 0.0000  	 17.0000 	 -0.0662 	 1.5000 	 0.5000 	 28.5000  	 0.0703 	 0.5000 	 39.5000 	 25.5000  	 0.0664  	 1.5000 	 0.5000 	 29.5000 
-16.793984 	  79338 	 120.0000 	 2.0000  	 15.0000 	 -0.0657 	 0.5000 	 0.5000 	 25.5000  	 0.0690 	 1.5000 	 39.5000 	 28.5000  	 0.0664  	 1.5000 	 39.5000 	 28.5000 
-16.790498 	  64453 	 120.0000 	 0.0000  	 12.0000 	 -0.0651 	 1.5000 	 0.5000 	 29.5000  	 0.0682 	 0.5000 	 39.5000 	 4.5000  	 0.0654  	 119.5000 	 2.5000 	 15.5000 
-16.789170 	  74377 	 120.0000 	 2.0000  	 14.0000 	 -0.0639 	 1.5000 	 0.5000 	 1.5000  	 0.0676 	 1.5000 	 39.5000 	 29.5000  	 0.0649  	 119.5000 	 2.5000 	 16.5000 
-16.775288 	  89259 	 120.0000 	 1.0000  	 17.0000 	 -0.0638 	 0.5000 	 0.5000 	 4.5000  	 0.0671 	 1.5000 	 39.5000 	 1.5000  	 0.0649  	 0.5000 	 39.5000 	 28.5000 
-16.768844 	  84299 	 120.0000 	 2.0000  	 16.0000 	 -0.0628 	 1.5000 	 0.5000 	 0.5000  	 0.0668 	 0.5000 	 39.5000 	 24.5000  	 0.0647  	 119.5000 	 2.5000 	 14.5000 
-16.760904 	  69416 	 120.0000 	 2.0000  	 13.0000 	 -0.0626 	 1.5000 	 0.5000 	 27.5000  	 0.0658 	 1.5000 	 39.5000 	 0.5000  	 0.0645  	 1.5000 	 39.5000 	 1.5000 
-16.735570 	  79339 	 120.0000 	 3.0000  	 15.0000 	 -0.0620 	 0.5000 	 0.5000 	 24.5000  	 0.0655 	 1.5000 	 39.5000 	 27.5000  	 0.0642  	 1.5000 	 0.5000 	 0.5000 
-16.729058 	  64454 	 120.0000 	 1.0000  	 12.0000 	 -0.0604 	 1.5000 	 0.5000 	 2.5000  	 0.0649 	 0.5000 	 39.5000 	 5.5000  	 0.0639  	 119.5000 	 2.5000 	 13.5000 
-16.729047 	  94219 	 120.0000 	 0.0000  	 18.0000 	 -0.0600 	 0.5000 	 0.5000 	 5.5000  	 0.0637 	 1.5000 	 39.5000 	 2.5000  	 0.0637  	 1.5000 	 0.5000 	 28.5000 
-16.720573 	  89260 	 120.0000 	 2.0000  	 17.0000 	 -0.0599 	 1.5000 	 0.5000 	 26.5000  	 0.0630 	 0.5000 	 39.5000 	 23.5000  	 0.0635  	 55.5000 	 28.5000 	 27.5000 
-16.706704 	  74378 	 120.0000 	 3.0000  	 14.0000 	 -0.0584 	 0.5000 	 0.5000 	 23.5000  	 0.0630 	 1.5000 	 39.5000 	 26.5000  	 0.0627  	 0.5000 	 39.5000 	 1.5000 
