/home/abenjahp/SS-PilloProject-Nvidia/A0_OptTop3DGSBESO_V4 
120x40x30__10_3_0.6_0.8_3_3_0.5_17_35_16_1HardK_S1SM2FDD2D2Sy0V0_0.03_0.15_GSBESO3D_V4_HardK_1 
Debugging?_0_IntGauss_0_NewEnsamblingSqueme_2_NewFilterSqueme_2_FilterBoundaryCond_D 
Length(mm)= 120  	 Height=40.000000 	 Widht(mm)=30.000000  	 E(MPa)=     1 	 nu=0.300000 	 Thickness(mm)=    	 Puntual Force(N)=     1 	 Finite element=      C3D8
rmin_mm=  3 	 rmin=3.000 	 dhx=1.000 	 dhy=1.000 	 dhz=1.000 	  EVOL=1.00000000  
nelx=   120 	 nely=    40  	 nelz=    30 	 Number of elements=144000 	 volfrac=0.150 	 er=101.000 	 rmin=     3 	 pen=  0
DistributeP?= 2 	 TimesDhx=3.000 	 Qtynnd=47 	 ForceD=0.02128 	 FT=1.000 	 QtyElem= 47 
Chromosome Length= 10 	 Crossover method=  3 	 Pc_min=0.600000 	 Pm_min=0.800000 	 pen_pc=  3 	 pen_pm= 3 	 Recovery percentage=0.500000 
Funcion de desarrollo Prg=(89*it^2)/10000 - (17*it)/2500 - (3*it^3)/10000 + 7/2500 
nelx= 	 nely= 	 nelz= 	  It= 	    Obj= 	 Vol= 	         ch= 	         er= 	 pen= 	 Pc= 	 Pm= 	 MaxUy= 	 tITER= 	 freedofs=  	 flag=  	 Residual=  	 No.Iter.Req= 
   120 	     40	    30 	    1 	     2.0345 	  1.000 	 1.0000 	 101.000 	   0 	 0.60 	 0.80 	 -4.262944 	  38.76 	 4.58e+05 	  0 	 1.43e-11 	    340
   120 	     40	    30 	    2 	     2.0345 	  0.996 	 1.0000 	 101.000 	   0 	 0.60 	 0.80 	 -4.262945 	  38.75 	 4.58e+05 	  0 	 1.28e-11 	    344
   120 	     40	    30 	    3 	     2.0345 	  0.986 	 1.0000 	 101.000 	   0 	 0.60 	 0.80 	 -4.263034 	  40.93 	 4.57e+05 	  0 	 1.21e-11 	    363
   120 	     40	    30 	    4 	     2.0352 	  0.967 	 1.0000 	 101.000 	   0 	 0.60 	 0.80 	 -4.264371 	  45.69 	 4.57e+05 	  0 	 1.41e-11 	    408
   120 	     40	    30 	    5 	     2.0392 	  0.936 	 1.0000 	 101.000 	   0 	 0.60 	 0.80 	 -5.291786 	  57.40 	 4.55e+05 	  0 	 1.39e-11 	    516
   120 	     40	    30 	    6 	     2.0555 	  0.897 	 1.0000 	 101.000 	   0 	 0.60 	 0.80 	 -4.504301 	  71.67 	 4.5e+05 	  0 	 1.24e-11 	    669
   120 	     40	    30 	    7 	     2.0916 	  0.849 	 1.0000 	 101.000 	   0 	 0.60 	 0.80 	 -4.376944 	  58.33 	 4.42e+05 	  0 	 1.39e-11 	    570
   120 	     40	    30 	    8 	     2.1458 	  0.786 	 1.0000 	 101.000 	   0 	 0.60 	 0.80 	 -4.858639 	  55.34 	 4.32e+05 	  0 	 1.33e-11 	    573
   120 	     40	    30 	    9 	     2.2662 	  0.713 	 1.0000 	 101.000 	   0 	 0.60 	 0.80 	 -4.727706 	  50.60 	 4.19e+05 	  0 	 1.44e-11 	    538
   120 	     40	    30 	   10 	     2.4092 	  0.628 	 0.0721 	 101.000 	   0 	 0.60 	 0.80 	 -5.016845 	  56.99 	 3.99e+05 	  0 	 1.38e-11 	    670
   120 	     40	    30 	   11 	     2.6432 	  0.545 	 0.1174 	 101.000 	   0 	 0.60 	 0.80 	 -5.487781 	  67.46 	 3.7e+05 	  0 	 1.19e-11 	    887
   120 	     40	    30 	   12 	     2.9382 	  0.468 	 0.1731 	 101.000 	   0 	 0.60 	 0.80 	 -6.080393 	  65.67 	 3.32e+05 	  0 	 1.41e-11 	    967
   120 	     40	    30 	   13 	     3.2947 	  0.397 	 0.2350 	 101.000 	   0 	 0.60 	 0.80 	 -6.801687 	  52.32 	 2.92e+05 	  0 	 1.26e-11 	    905
   120 	     40	    30 	   14 	     3.7175 	  0.333 	 0.2936 	 101.000 	   0 	 0.60 	 0.80 	 -7.784515 	  49.69 	 2.53e+05 	  0 	 1.41e-11 	    989
   120 	     40	    30 	   15 	     4.3267 	  0.278 	 0.3518 	 101.000 	   0 	 0.60 	 0.80 	 -8.886799 	  40.92 	 2.19e+05 	  0 	 1.4e-11 	    952
   120 	     40	    30 	   16 	     5.1289 	  0.241 	 0.4045 	 101.000 	   0 	 0.60 	 0.80 	 -10.502396 	  38.22 	 1.86e+05 	  3 	 1.5e-11 	   1052
   120 	     40	    30 	   17 	     5.7516 	  0.222 	 0.4418 	 101.000 	   0 	 0.60 	 0.80 	 -11.757909 	  34.56 	 1.61e+05 	  3 	 1.5e-11 	   1125
   120 	     40	    30 	   18 	     6.0293 	  0.213 	 0.4569 	 101.000 	   0 	 0.60 	 0.80 	 -12.316002 	  34.09 	 1.46e+05 	  3 	 1.93e-11 	   1212
   120 	     40	    30 	   19 	     6.1490 	  0.207 	 0.4522 	 101.000 	   0 	 0.60 	 0.80 	 -12.559964 	  32.39 	 1.37e+05 	  0 	 1.44e-11 	   1208
   120 	     40	    30 	   20 	     6.2491 	  0.203 	 0.4227 	 101.000 	   0 	 0.60 	 0.80 	 -12.762612 	  31.17 	 1.33e+05 	  3 	 1.51e-11 	   1191
   120 	     40	    30 	   21 	     6.3563 	  0.200 	 0.3645 	 101.000 	   0 	 0.60 	 0.80 	 -12.978476 	  32.27 	 1.31e+05 	  3 	 1.53e-11 	   1211
   120 	     40	    30 	   22 	     6.4704 	  0.197 	 0.2891 	 101.000 	   0 	 0.60 	 0.80 	 -13.209404 	  31.58 	 1.3e+05 	  3 	 1.57e-11 	   1245
   120 	     40	    30 	   23 	     6.5623 	  0.194 	 0.2150 	 101.000 	   0 	 0.60 	 0.80 	 -13.394472 	  31.95 	 1.28e+05 	  3 	 1.77e-11 	   1235
   120 	     40	    30 	   24 	     6.6547 	  0.191 	 0.1520 	 101.000 	   0 	 0.60 	 0.80 	 -13.579707 	  32.27 	 1.27e+05 	  3 	 1.52e-11 	   1249
   120 	     40	    30 	   25 	     6.7572 	  0.189 	 0.1065 	 101.000 	   0 	 0.60 	 0.80 	 -13.784957 	  32.24 	 1.26e+05 	  3 	 1.61e-11 	   1275
   120 	     40	    30 	   26 	     6.8270 	  0.185 	 0.0822 	 101.000 	   0 	 0.60 	 0.80 	 -13.926329 	  32.64 	 1.25e+05 	  3 	 1.54e-11 	   1277
   120 	     40	    30 	   27 	     6.9428 	  0.183 	 0.0738 	 101.000 	   0 	 0.60 	 0.80 	 -14.160454 	  31.97 	 1.23e+05 	  3 	 1.74e-11 	   1298
   120 	     40	    30 	   28 	     7.0124 	  0.180 	 0.0704 	 101.000 	   0 	 0.60 	 0.80 	 -14.301513 	  31.90 	 1.22e+05 	  3 	 1.86e-11 	   1307
   120 	     40	    30 	   29 	     7.0955 	  0.178 	 0.0676 	 101.000 	   0 	 0.60 	 0.80 	 -14.471517 	  32.14 	 1.2e+05 	  3 	 2.01e-11 	   1329
   120 	     40	    30 	   30 	     7.1695 	  0.176 	 0.0641 	 101.000 	   0 	 0.60 	 0.80 	 -14.621198 	  32.49 	 1.19e+05 	  3 	 1.83e-11 	   1336
   120 	     40	    30 	   31 	     7.2512 	  0.174 	 0.0620 	 101.000 	   0 	 0.60 	 0.80 	 -14.784099 	  30.92 	 1.17e+05 	  3 	 1.88e-11 	   1340
   120 	     40	    30 	   32 	     7.2977 	  0.172 	 0.0581 	 101.000 	   0 	 0.60 	 0.80 	 -14.879919 	  32.01 	 1.16e+05 	  3 	 1.7e-11 	   1357
   120 	     40	    30 	   33 	     7.3781 	  0.170 	 0.0552 	 101.000 	   0 	 0.60 	 0.80 	 -15.041150 	  30.58 	 1.15e+05 	  3 	 1.79e-11 	   1337
   120 	     40	    30 	   34 	     7.4261 	  0.168 	 0.0517 	 101.000 	   0 	 0.60 	 0.80 	 -15.140318 	  32.65 	 1.14e+05 	  3 	 1.83e-11 	   1365
   120 	     40	    30 	   35 	     7.4770 	  0.167 	 0.0484 	 101.000 	   0 	 0.60 	 0.80 	 -15.243194 	  32.10 	 1.12e+05 	  3 	 2.26e-11 	   1362
   120 	     40	    30 	   36 	     7.5082 	  0.166 	 0.0436 	 101.000 	   0 	 0.60 	 0.80 	 -15.306465 	  31.90 	 1.12e+05 	  3 	 2.04e-11 	   1373
   120 	     40	    30 	   37 	     7.5585 	  0.165 	 0.0407 	 101.000 	   0 	 0.60 	 0.80 	 -15.406160 	  30.83 	 1.1e+05 	  3 	 1.86e-11 	   1383
   120 	     40	    30 	   38 	     7.6010 	  0.164 	 0.0367 	 101.000 	   0 	 0.60 	 0.80 	 -15.492077 	  30.84 	 1.09e+05 	  3 	 1.77e-11 	   1377
   120 	     40	    30 	   39 	     7.6421 	  0.163 	 0.0335 	 101.000 	   0 	 0.60 	 0.80 	 -15.574414 	  32.16 	 1.09e+05 	  3 	 1.98e-11 	   1406
   120 	     40	    30 	   40 	     7.6770 	  0.161 	 0.0304 	 101.000 	   0 	 0.60 	 0.80 	 -15.646570 	  30.60 	 1.08e+05 	  3 	 2.12e-11 	   1417
   120 	     40	    30 	   41 	     7.7288 	  0.161 	 0.0293 	 101.000 	   0 	 0.60 	 0.80 	 -15.751183 	  31.97 	 1.07e+05 	  3 	 1.83e-11 	   1445
   120 	     40	    30 	   42 	     7.7512 	  0.160 	 0.0274 	 101.000 	   0 	 0.61 	 0.80 	 -15.795343 	  32.62 	 1.07e+05 	  3 	 1.86e-11 	   1467
   120 	     40	    30 	   43 	     7.8058 	  0.159 	 0.0268 	 101.000 	   0 	 0.62 	 0.81 	 -15.906038 	  30.46 	 1.06e+05 	  3 	 1.73e-11 	   1471
   120 	     40	    30 	   44 	     7.8152 	  0.158 	 0.0256 	 101.000 	   0 	 0.63 	 0.82 	 -15.929998 	  29.36 	 1.05e+05 	  3 	 1.79e-11 	   1427
   120 	     40	    30 	   45 	     7.8652 	  0.157 	 0.0251 	 101.000 	   0 	 0.66 	 0.83 	 -16.029239 	  29.72 	 1.04e+05 	  3 	 2.05e-11 	   1449
   120 	     40	    30 	   46 	     7.9066 	  0.155 	 0.0239 	 101.000 	   0 	 0.69 	 0.84 	 -16.112434 	  29.08 	 1.03e+05 	  3 	 1.8e-11 	   1438
   120 	     40	    30 	   47 	     7.9842 	  0.154 	 0.0248 	 101.000 	   0 	 0.73 	 0.86 	 -16.267915 	  29.54 	 1.02e+05 	  3 	 2.08e-11 	   1485
   120 	     40	    30 	   48 	     8.0048 	  0.153 	 0.0245 	 101.000 	   0 	 0.78 	 0.89 	 -16.309970 	  30.16 	 1.02e+05 	  3 	 1.61e-11 	   1497
   120 	     40	    30 	   49 	     8.0710 	  0.152 	 0.0265 	 101.000 	   0 	 0.83 	 0.91 	 -16.444358 	  29.72 	 1.01e+05 	  3 	 1.88e-11 	   1512
   120 	     40	    30 	   50 	     8.1025 	  0.151 	 0.0275 	 101.000 	   0 	 0.88 	 0.94 	 -16.507172 	  29.66 	 1.01e+05 	  3 	 2e-11 	   1524
   120 	     40	    30 	   51 	     8.2000 	  0.150 	 0.0302 	 101.000 	   0 	 0.94 	 0.97 	 -16.702488 	  31.72 	 9.99e+04 	  3 	 1.89e-11 	   1545
   120 	     40	    30 	   52 	     8.2486 	  0.150 	 0.0308 	 101.000 	   0 	 0.98 	 0.99 	 -16.798336 	  29.80 	 9.96e+04 	  3 	 1.94e-11 	   1549
   120 	     40	    30 	   53 	     8.2274 	  0.150 	 0.0312 	 101.000 	   0 	 1.00 	 1.00 	 -16.760792 	  30.46 	 9.95e+04 	  3 	 1.75e-11 	   1512
   120 	     40	    30 	   54 	     8.2373 	  0.150 	 0.0289 	 101.000 	   0 	 1.00 	 1.00 	 -16.780642 	  29.32 	 9.92e+04 	  3 	 1.54e-11 	   1526
   120 	     40	    30 	   55 	     8.2352 	  0.150 	 0.0262 	 101.000 	   0 	 1.00 	 1.00 	 -16.773939 	  30.61 	 9.92e+04 	  3 	 1.74e-11 	   1527
   120 	     40	    30 	   56 	     8.2370 	  0.150 	 0.0200 	 101.000 	   0 	 1.00 	 1.00 	 -16.778766 	  29.87 	 9.91e+04 	  3 	 1.55e-11 	   1530
   120 	     40	    30 	   57 	     8.2440 	  0.150 	 0.0135 	 101.000 	   0 	 1.00 	 1.00 	 -16.792440 	  30.38 	 9.91e+04 	  3 	 1.76e-11 	   1530
   120 	     40	    30 	   58 	     8.3839 	  0.150 	 0.0118 	 101.000 	   0 	 1.00 	 1.00 	 -17.072765 	  30.53 	 9.9e+04 	  3 	 2.05e-11 	   1568
   120 	     40	    30 	   59 	     8.5512 	  0.150 	 0.0153 	 101.000 	   0 	 1.00 	 1.00 	 -17.500504 	  33.12 	 9.89e+04 	  3 	 2e-11 	   1645
   120 	     40	    30 	   60 	     8.3493 	  0.150 	 0.0148 	 101.000 	   0 	 1.00 	 1.00 	 -17.023364 	  28.38 	 9.86e+04 	  0 	 1.35e-11 	   1487
   120 	     40	    30 	   61 	     8.3151 	  0.150 	 0.0157 	 101.000 	   0 	 1.00 	 1.00 	 -16.946622 	  29.65 	 9.85e+04 	  0 	 1.41e-11 	   1487
   120 	     40	    30 	   62 	     8.3301 	  0.150 	 0.0179 	 101.000 	   0 	 1.00 	 1.00 	 -16.964374 	  29.31 	 9.85e+04 	  3 	 1.78e-11 	   1499
   120 	     40	    30 	   63 	     8.3120 	  0.150 	 0.0124 	 101.000 	   0 	 1.00 	 1.00 	 -16.932301 	  29.92 	 9.84e+04 	  3 	 1.74e-11 	   1495
   120 	     40	    30 	   64 	     8.3093 	  0.150 	 0.0009 	 101.000 	   0 	 1.00 	 1.00 	 -16.927281 	  28.88 	 9.83e+04 	  3 	 1.47e-11 	   1497

nelx= 	 nely= 	           nelz= 	 i= 	 c(i)= 	 volume= 	 change= 	 er= 	 penal= 	 tTOTAL= 	 tOptim= 	 tPostprocess=
   120 	     40 	     30 	   64 	 8.30928 	  0.150 	      0.001 	 101.000 	   0 	 2650.69 	 2324.65 	 326.04
nelx= 	 nely= 	            nelz= 	 i= 	 c(i+1)= 	 volume_last= 	 U2 max= 	 S11 min= 	 S11 max= 	 Mises max= 
   120 	     40 	     30 	   65 	 8.30929 	  0.150 	 -16.929101 	 -0.0841 	 0.0855 	 0.0717 
F=-1.0000 	 C(simp)=16.6186 
tIT=2321.2266 
 tEnsamblingK= 	 49.3414 
 tSolveU= 		 2160.9890 
 tSensAnalisys=  2.8051 
 tSensFilter= 	 0.7808 
 tselectionMethod= 	 76.7590 
   tcrossover= 	 38.3079 
   tMutation= 	 22.4020 
TStressStrains_Last_It= 	 1.9814 
U2[mm] 	 Nodo 	 X 	 Y 	 Z 	 Sigmaxx[MPa] 	 X 	 Y 	 Z Sigmaxx[MPa] 	 X 	 Y 	 Z 	 MISSES[MPa] 	 X 	 Y 	 Z 
-16.929101 	  79336 	 120.0000 	 0.0000  	 15.0000 	 -0.0841 	 0.5000 	 0.5000 	 0.5000  	 0.0855 	 0.5000 	 39.5000 	 0.5000  	 0.0717  	 0.5000 	 39.5000 	 0.5000 
-16.920480 	  84297 	 120.0000 	 0.0000  	 16.0000 	 -0.0826 	 0.5000 	 0.5000 	 29.5000  	 0.0851 	 0.5000 	 39.5000 	 29.5000  	 0.0714  	 0.5000 	 39.5000 	 29.5000 
-16.912049 	  74375 	 120.0000 	 0.0000  	 14.0000 	 -0.0754 	 0.5000 	 0.5000 	 1.5000  	 0.0769 	 0.5000 	 39.5000 	 1.5000  	 0.0708  	 0.5000 	 0.5000 	 0.5000 
-16.891835 	  79337 	 120.0000 	 1.0000  	 15.0000 	 -0.0740 	 0.5000 	 0.5000 	 28.5000  	 0.0766 	 0.5000 	 39.5000 	 28.5000  	 0.0697  	 0.5000 	 0.5000 	 29.5000 
-16.882774 	  84298 	 120.0000 	 1.0000  	 16.0000 	 -0.0721 	 0.5000 	 0.5000 	 2.5000  	 0.0744 	 0.5000 	 39.5000 	 2.5000  	 0.0679  	 1.5000 	 39.5000 	 0.5000 
-16.877151 	  89258 	 120.0000 	 0.0000  	 17.0000 	 -0.0708 	 0.5000 	 0.5000 	 27.5000  	 0.0738 	 0.5000 	 39.5000 	 27.5000  	 0.0673  	 1.5000 	 39.5000 	 29.5000 
-16.874386 	  74376 	 120.0000 	 1.0000  	 14.0000 	 -0.0685 	 0.5000 	 0.5000 	 3.5000  	 0.0718 	 0.5000 	 39.5000 	 3.5000  	 0.0667  	 119.5000 	 2.5000 	 14.5000 
-16.860485 	  69414 	 120.0000 	 0.0000  	 13.0000 	 -0.0675 	 0.5000 	 0.5000 	 26.5000  	 0.0706 	 0.5000 	 39.5000 	 26.5000  	 0.0663  	 119.5000 	 2.5000 	 13.5000 
-16.846721 	  89259 	 120.0000 	 1.0000  	 17.0000 	 -0.0653 	 1.5000 	 0.5000 	 1.5000  	 0.0688 	 0.5000 	 39.5000 	 4.5000  	 0.0662  	 119.5000 	 2.5000 	 15.5000 
-16.832504 	  79338 	 120.0000 	 2.0000  	 15.0000 	 -0.0649 	 0.5000 	 0.5000 	 4.5000  	 0.0681 	 1.5000 	 39.5000 	 1.5000  	 0.0655  	 119.5000 	 2.5000 	 16.5000 
-16.830298 	  69415 	 120.0000 	 1.0000  	 13.0000 	 -0.0641 	 1.5000 	 0.5000 	 0.5000  	 0.0673 	 1.5000 	 39.5000 	 28.5000  	 0.0655  	 1.5000 	 0.5000 	 0.5000 
-16.822290 	  84299 	 120.0000 	 2.0000  	 16.0000 	 -0.0640 	 0.5000 	 0.5000 	 25.5000  	 0.0672 	 0.5000 	 39.5000 	 25.5000  	 0.0654  	 1.5000 	 39.5000 	 1.5000 
-16.819868 	  94219 	 120.0000 	 0.0000  	 18.0000 	 -0.0636 	 1.5000 	 0.5000 	 28.5000  	 0.0668 	 1.5000 	 39.5000 	 0.5000  	 0.0647  	 1.5000 	 39.5000 	 28.5000 
-16.813917 	  74377 	 120.0000 	 2.0000  	 14.0000 	 -0.0624 	 1.5000 	 0.5000 	 29.5000  	 0.0661 	 1.5000 	 39.5000 	 29.5000  	 0.0638  	 1.5000 	 0.5000 	 29.5000 
-16.795794 	  64453 	 120.0000 	 0.0000  	 12.0000 	 -0.0617 	 1.5000 	 0.5000 	 2.5000  	 0.0654 	 0.5000 	 39.5000 	 5.5000  	 0.0628  	 0.5000 	 39.5000 	 1.5000 
-16.790065 	  89260 	 120.0000 	 2.0000  	 17.0000 	 -0.0611 	 0.5000 	 0.5000 	 5.5000  	 0.0646 	 1.5000 	 39.5000 	 2.5000  	 0.0628  	 1.5000 	 0.5000 	 1.5000 
-16.773629 	  69416 	 120.0000 	 2.0000  	 13.0000 	 -0.0603 	 0.5000 	 0.5000 	 24.5000  	 0.0637 	 1.5000 	 39.5000 	 27.5000  	 0.0626  	 0.5000 	 39.5000 	 28.5000 
-16.773017 	  79339 	 120.0000 	 3.0000  	 15.0000 	 -0.0602 	 1.5000 	 0.5000 	 27.5000  	 0.0635 	 0.5000 	 39.5000 	 24.5000  	 0.0617  	 0.5000 	 0.5000 	 1.5000 
-16.758422 	  94220 	 120.0000 	 1.0000  	 18.0000 	 -0.0590 	 1.5000 	 0.5000 	 3.5000  	 0.0621 	 1.5000 	 39.5000 	 3.5000  	 0.0612  	 1.5000 	 0.5000 	 28.5000 
-16.738753 	  84300 	 120.0000 	 3.0000  	 16.0000 	 -0.0576 	 1.5000 	 0.5000 	 26.5000  	 0.0616 	 0.5000 	 39.5000 	 6.5000  	 0.0609  	 1.5000 	 39.5000 	 2.5000 
